i1	i10	i11	i12	i13	i14	i15	i16	i2	i3	i4	i5	i6	i7	i8	i9
OTU_10001_ITS	1	2	0	0	1	2	0	0	4	2	2	0	1	1	2	2
OTU_10026_ITS	3	5	8	4	2	0	5	6	2	5	3	5	2	2	5	6
OTU_10027_ITS	0	0	0	0	0	0	2	2	0	0	2	0	0	0	0	3
OTU_10028_ITS	0	0	0	1	0	0	0	0	0	0	0	0	0	0	0	0
OTU_10029_ITS	56	23	4	6	14	27	22	20	12	12	4	16	17	27	21	14
OTU_10032_ITS	5	0	0	0	2	0	0	0	0	0	1	0	0	0	0	2
OTU_10039_ITS	0	1	0	0	0	0	0	0	0	0	1	0	0	0	0	0
OTU_10045_ITS	0	2	1	0	1	0	1	0	0	0	0	0	1	0	1	0
OTU_10048_ITS	0	1	1	3	1	3	2	0	0	3	1	0	0	5	3	1
OTU_10057_ITS	0	0	0	0	0	2	0	0	0	0	0	0	1	0	0	0
OTU_10062_ITS	6	6	1	5	6	2	7	4	5	4	2	9	4	4	3	2
OTU_10065_ITS	0	0	0	0	0	0	0	0	0	0	0	0	1	0	0	0
OTU_10066_ITS	0	0	4	0	5	0	2	0	0	0	0	0	0	1	0	0
OTU_10067_ITS	0	0	0	0	1	3	0	0	0	0	0	0	0	0	0	1
OTU_10068_ITS	3	0	0	1	2	0	0	7	2	0	0	2	0	0	0	0
OTU_10069_ITS	1	0	0	0	0	0	0	0	0	0	0	0	0	0	0	0
OTU_10070_ITS	0	0	0	1	0	0	1	0	0	2	0	0	0	0	0	0
OTU_10071_ITS	0	1	1	0	0	0	0	0	0	0	0	0	0	0	0	0
OTU_10072_ITS	0	0	0	0	0	0	0	0	0	0	0	0	0	0	1	0
OTU_10073_ITS	0	0	0	0	0	0	1	0	0	6	0	0	0	0	0	0
OTU_10077_ITS	3	1	0	1	2	0	1	0	1	1	1	0	0	0	0	1
OTU_10084_ITS	12	10	8	12	11	13	9	5	6	10	14	6	4	7	13	6
OTU_10085_ITS	0	0	0	0	0	0	1	0	0	0	0	0	0	0	0	0
OTU_10086_ITS	0	1	0	1	4	1	0	0	3	0	1	2	3	1	1	1
OTU_10087_ITS	0	0	0	0	0	0	0	0	0	0	0	0	1	0	0	0
OTU_10092_ITS	1	0	2	2	4	4	0	2	0	2	1	0	2	1	1	2
OTU_10095_ITS	6	0	0	2	0	0	0	0	0	1	0	2	1	0	1	0
OTU_10099_ITS	0	0	0	2	0	0	1	1	2	0	0	0	0	2	2	0
OTU_10104_ITS	0	0	0	0	0	0	0	6	0	0	0	0	0	0	0	0
OTU_10115_ITS	0	0	0	2	3	2	1	0	0	0	1	0	3	2	2	0
OTU_10120_ITS	1	1	0	0	0	0	0	0	0	0	0	0	0	0	0	0
OTU_10121_ITS	0	0	0	0	0	0	0	0	0	0	0	1	0	0	0	0
OTU_10126_ITS	0	0	0	0	0	0	0	0	0	0	0	0	1	0	0	0
OTU_10131_ITS	12	2	4	0	1	5	1	6	6	6	1	7	3	0	2	1
OTU_10134_ITS	0	1	1	1	3	1	1	3	0	1	1	2	0	2	3	0
OTU_10137_ITS	1	0	0	0	0	0	0	0	0	0	0	0	0	0	0	0
OTU_10138_ITS	0	0	1	0	0	0	0	0	1	0	0	0	1	0	0	0
OTU_10148_ITS	4	1	4	6	9	3	8	4	3	4	7	5	3	5	4	3
OTU_10156_ITS	1	0	0	0	0	0	0	0	0	0	0	0	1	2	0	0
OTU_10166_ITS	0	0	10	3	0	0	64	0	0	3	0	0	0	0	0	0
OTU_10169_ITS	0	0	0	0	0	0	0	0	1	0	0	0	0	0	0	0
OTU_10174_ITS	0	0	0	0	1	0	0	0	1	0	0	0	0	0	0	0
OTU_10176_ITS	18	24	8	17	23	7	16	9	25	17	17	14	16	13	27	23
OTU_10177_ITS	13	16	4	16	20	15	13	17	7	13	21	11	10	3	17	19
OTU_10178_ITS	2	0	0	0	3	2	5	3	0	2	2	0	1	6	1	6
OTU_10182_ITS	0	0	0	0	0	0	0	8	0	0	0	0	1	0	0	0
OTU_10192_ITS	0	0	0	0	0	0	0	0	0	0	0	0	0	1	0	0
OTU_10194_ITS	0	2	1	19	10	7	3	2	5	4	4	0	6	0	0	1
OTU_10197_ITS	0	0	0	0	0	0	0	0	0	0	0	2	0	0	0	0
OTU_10205_ITS	1	0	0	0	0	0	0	0	0	0	0	0	0	0	0	0
OTU_10206_ITS	0	0	0	1	0	0	1	0	0	0	0	0	0	0	0	0
OTU_10210_ITS	0	1	0	0	0	0	0	0	0	0	0	0	0	0	0	0
OTU_10211_ITS	1	0	0	0	0	0	0	0	0	0	0	0	0	0	0	0
OTU_10216_ITS	0	0	1	0	0	0	0	0	0	1	1	0	1	1	0	0
OTU_1022_ITS	0	0	0	2	2	0	0	1	0	0	0	0	0	1	0	3
OTU_10224_ITS	0	0	1	0	0	0	0	0	0	0	0	0	0	0	0	0
OTU_10228_ITS	0	0	0	0	0	1	3	4	0	0	0	0	0	1	0	0
OTU_10233_ITS	1	0	0	0	0	1	0	0	0	0	0	0	0	0	0	0
OTU_10234_ITS	0	0	0	0	0	0	0	0	0	0	0	0	0	0	1	0
OTU_10235_ITS	0	0	0	0	0	0	0	0	2	0	0	0	0	0	0	0
OTU_10236_ITS	0	0	0	1	0	0	0	1	0	0	0	0	0	0	0	0
OTU_10242_ITS	3	0	3	1	2	1	2	3	0	8	2	4	6	1	2	6
OTU_10249_ITS	0	0	0	0	0	0	0	0	0	0	0	0	0	0	2	0
OTU_10254_ITS	0	0	0	0	0	0	0	0	0	0	0	0	1	0	0	0
OTU_10258_ITS	0	0	0	0	1	0	0	0	0	0	0	0	0	0	0	0
OTU_10259_ITS	0	0	0	0	0	0	0	1	0	1	0	0	0	0	0	0
OTU_10260_ITS	12	1	0	4	13	3	2	2	5	5	2	5	8	8	2	5
OTU_10266_ITS	0	0	0	0	0	0	0	0	0	0	0	0	0	0	1	0
OTU_10267_ITS	0	0	0	0	0	0	0	0	0	0	0	1	0	0	0	0
OTU_10279_ITS	0	0	0	0	0	0	1	0	1	0	0	1	0	0	0	0
OTU_10280_ITS	6	4	4	4	5	6	8	5	4	7	6	6	4	9	7	7
OTU_10283_ITS	1	0	0	0	0	0	0	0	0	0	0	1	1	0	0	0
OTU_10295_ITS	0	0	0	0	0	0	0	0	0	0	0	0	0	1	0	0
OTU_10297_ITS	0	0	1	0	0	0	0	0	0	0	0	0	0	0	0	0
OTU_10298_ITS	0	2	0	0	0	0	0	0	0	0	0	0	0	0	0	0
OTU_10300_ITS	6	3	2	7	7	8	4	6	7	9	5	3	8	4	3	5
OTU_10303_ITS	0	1	1	0	0	0	0	0	0	0	0	0	0	0	0	0
OTU_10305_ITS	0	0	0	0	0	0	0	2	0	0	0	1	0	0	1	0
OTU_10306_ITS	0	0	0	0	0	0	0	2	0	0	0	0	0	0	0	1
OTU_10308_ITS	8	6	7	10	9	10	12	6	7	5	4	4	2	6	11	4
OTU_10333_ITS	0	0	0	0	0	0	0	0	0	0	1	0	0	0	0	0
OTU_10342_ITS	0	0	0	0	0	0	0	0	0	0	0	1	1	0	0	0
OTU_10343_ITS	0	0	0	0	0	0	0	0	0	1	0	0	0	0	0	0
OTU_10348_ITS	0	2	0	0	0	2	1	0	1	0	0	1	0	1	1	4
OTU_10354_ITS	0	0	0	0	0	1	0	0	0	1	0	1	1	0	0	0
OTU_10355_ITS	0	1	0	0	0	0	3	0	0	0	0	0	0	0	0	0
OTU_10367_ITS	0	0	0	0	0	0	1	0	0	0	0	0	0	0	0	0
OTU_10368_ITS	1	0	0	0	0	0	0	0	0	0	0	1	0	0	0	0
OTU_10380_ITS	4	2	0	1	0	1	0	0	4	2	0	0	1	2	1	1
OTU_10386_ITS	0	0	0	0	0	0	2	3	1	0	0	0	1	2	0	1
OTU_10387_ITS	0	0	0	1	0	0	0	0	0	0	0	2	0	0	0	0
OTU_10392_ITS	1	0	0	0	0	0	0	0	2	0	1	0	0	0	2	0
OTU_10394_ITS	6	7	6	10	11	5	8	6	16	8	3	14	5	6	14	3
OTU_10404_ITS	1	0	0	2	0	1	0	0	4	1	0	1	1	0	0	0
OTU_10429_ITS	1	0	0	1	0	1	0	0	0	0	0	0	1	1	0	2
OTU_10441_ITS	0	0	0	0	0	0	0	0	0	0	1	0	0	0	0	0
OTU_10454_ITS	16	23	36	31	16	16	19	21	33	23	27	24	25	29	26	26
OTU_10466_ITS	0	0	0	0	0	0	1	0	0	0	0	2	1	1	1	2
OTU_10467_ITS	0	3	0	6	5	0	0	0	0	0	0	1	0	1	1	0
OTU_10468_ITS	0	0	0	1	1	0	1	0	0	0	2	1	0	0	0	1
OTU_10469_ITS	0	0	0	0	0	0	0	0	0	0	0	0	0	1	0	0
OTU_10472_ITS	0	0	0	0	0	0	0	1	0	0	0	0	0	0	0	0
OTU_10473_ITS	0	0	0	0	0	0	0	0	0	0	0	0	1	0	0	0
OTU_10474_ITS	0	1	0	0	0	0	1	0	0	0	0	0	0	0	0	2
OTU_10477_ITS	0	0	0	0	0	0	0	0	0	0	0	0	1	0	0	0
OTU_10482_ITS	0	0	0	0	0	0	0	0	0	1	0	1	1	0	0	1
OTU_10486_ITS	2	3	0	1	4	2	3	5	3	7	6	7	5	5	4	5
OTU_10497_ITS	1	0	1	0	0	1	0	1	2	1	0	0	0	1	0	0
OTU_10498_ITS	1	1	1	3	1	1	2	3	1	0	2	5	1	3	3	2
OTU_10499_ITS	1	0	3	1	1	0	0	0	1	0	0	0	1	2	0	1
OTU_10501_ITS	0	0	1	0	0	0	0	1	1	0	0	1	0	0	0	0
OTU_10506_ITS	0	0	0	0	0	0	0	0	0	0	0	0	0	0	1	0
OTU_10518_ITS	0	0	0	0	1	0	0	0	0	0	0	0	0	0	0	0
OTU_10536_ITS	1	0	1	0	0	0	0	0	0	0	0	0	0	0	0	0
OTU_10537_ITS	0	0	0	1	0	0	0	0	0	0	0	0	1	0	0	1
OTU_10538_ITS	0	0	0	0	0	1	0	0	0	0	0	0	0	0	0	0
OTU_10541_ITS	0	0	0	1	0	0	0	0	0	0	0	0	0	0	0	0
OTU_10550_ITS	1	0	0	0	0	0	0	0	0	0	0	0	1	0	2	0
OTU_10552_ITS	6	4	4	4	2	1	1	3	3	5	5	5	6	3	5	4
OTU_10557_ITS	0	0	0	0	0	0	1	0	0	0	0	0	0	0	0	0
OTU_10564_ITS	0	0	0	0	0	0	0	0	0	0	0	0	1	0	0	0
OTU_1058_ITS	0	1	0	0	0	0	0	0	0	0	0	0	0	0	0	0
OTU_10583_ITS	0	0	0	1	0	1	0	0	0	0	2	0	0	0	0	0
OTU_10596_ITS	0	0	0	0	0	0	0	0	0	0	1	0	0	0	0	0
OTU_10608_ITS	17	17	5	9	8	3	3	6	21	16	7	11	6	8	6	12
OTU_10610_ITS	0	1	0	0	0	0	0	0	0	1	0	0	0	0	0	0
OTU_10622_ITS	1	1	0	1	0	2	0	0	0	1	0	1	0	2	0	1
OTU_10624_ITS	0	0	0	0	1	0	0	0	0	0	0	0	0	0	0	0
OTU_10629_ITS	1	1	0	2	0	0	0	0	1	2	0	2	0	0	0	1
OTU_10667_ITS	0	0	0	0	0	0	0	0	1	0	0	0	0	0	0	0
OTU_10673_ITS	0	0	0	0	0	0	0	0	2	0	0	0	0	0	1	0
OTU_10680_ITS	0	0	0	0	0	0	0	0	0	0	0	1	0	0	0	0
OTU_10682_ITS	1	0	0	0	0	0	0	0	0	1	0	0	0	0	1	0
OTU_10713_ITS	0	1	0	0	0	0	0	0	0	0	0	0	0	0	0	0
OTU_10715_ITS	1	0	0	0	0	0	0	0	0	0	0	0	0	0	0	0
OTU_1187_ITS	1	0	0	0	1	1	0	0	0	0	0	0	0	0	0	0
OTU_1188_ITS	0	0	0	0	0	0	0	0	0	0	0	0	0	0	1	0
OTU_1191_ITS	0	0	0	0	1	1	0	0	0	1	0	0	0	0	0	0
OTU_1247_ITS	0	0	0	0	1	0	0	0	0	0	0	1	0	0	0	0
OTU_1262_ITS	0	0	0	0	0	0	0	1	0	0	0	0	0	0	0	0
OTU_1282_ITS	0	0	0	0	0	0	0	0	0	0	0	0	0	0	1	0
OTU_1287_ITS	0	1	0	0	0	0	0	0	0	0	0	0	0	0	0	0
OTU_1294_ITS	0	0	1	0	0	0	0	0	0	0	0	0	0	0	0	0
OTU_1309_ITS	0	0	0	1	0	0	0	0	0	0	0	0	0	0	0	0
OTU_1315_ITS	0	0	0	0	1	0	0	0	0	0	0	0	0	0	0	0
OTU_1319_ITS	0	2	0	0	0	0	0	0	0	1	0	0	0	0	0	0
OTU_1335_ITS	0	1	3	1	1	3	0	0	3	0	1	0	2	0	3	1
OTU_1342_ITS	0	0	0	1	2	0	2	2	0	0	0	1	0	0	1	1
OTU_1347_ITS	0	0	0	0	0	0	0	0	0	0	0	0	1	0	0	0
OTU_1350_ITS	0	0	0	0	0	0	0	1	0	0	0	1	0	0	0	0
OTU_1373_ITS	0	0	0	2	0	0	0	0	0	0	0	0	0	0	0	2
OTU_1435_ITS	0	0	0	0	0	0	1	0	0	0	0	0	0	0	0	0
OTU_1438_ITS	0	0	0	0	0	0	0	0	0	0	0	1	0	0	0	0
OTU_1444_ITS	3	0	1	3	0	4	0	0	0	0	2	1	0	0	1	4
OTU_1476_ITS	0	0	0	0	1	0	0	0	0	0	0	0	0	0	0	0
OTU_1490_ITS	0	0	0	0	0	0	0	0	0	0	0	1	0	0	0	0
OTU_1496_ITS	0	0	0	0	0	0	0	0	0	0	1	0	0	0	0	0
OTU_1529_ITS	1	0	0	0	0	0	0	0	0	0	0	0	0	0	0	0
OTU_1547_ITS	0	1	0	0	0	0	0	0	0	0	0	0	0	1	0	0
OTU_1550_ITS	0	0	0	1	0	0	0	0	0	0	0	0	0	0	0	1
OTU_1570_ITS	0	0	0	0	0	0	0	0	0	0	1	0	0	0	0	0
OTU_1574_ITS	0	0	0	0	0	0	0	0	0	0	0	0	0	1	0	0
OTU_1592_ITS	0	0	0	0	0	0	0	0	0	0	0	0	0	0	0	1
OTU_1594_ITS	1	0	0	0	0	0	0	0	0	0	0	0	0	0	0	0
OTU_1617_ITS	4	0	10	10	5	11	2	9	0	0	34	4	0	1	15	13
OTU_1620_ITS	0	2	0	0	8	0	0	0	0	0	0	0	0	0	1	0
OTU_1633_ITS	0	0	0	0	0	0	0	0	0	0	0	1	0	0	0	0
OTU_1654_ITS	0	0	0	0	0	0	0	0	0	0	0	0	0	0	1	0
OTU_1667_ITS	29	18	23	23	27	31	20	26	16	26	31	25	22	24	33	25
OTU_1671_ITS	0	0	0	0	0	0	0	1	0	0	0	0	0	0	0	0
OTU_1679_ITS	0	0	0	0	2	0	0	0	0	0	0	0	0	0	0	0
OTU_1695_ITS	0	0	0	0	0	0	0	0	0	3	0	0	2	0	0	1
OTU_1699_ITS	0	0	0	0	0	0	0	0	0	1	0	0	0	0	0	0
OTU_1710_ITS	0	1	0	0	0	0	0	0	0	0	0	0	0	0	0	0
OTU_1712_ITS	0	0	1	0	0	0	0	0	0	0	0	0	0	0	0	0
OTU_1731_ITS	2	0	1	0	0	1	1	0	2	1	0	1	0	0	0	1
OTU_1753_ITS	0	0	0	0	0	1	0	0	0	0	0	0	0	0	0	0
OTU_1792_ITS	0	0	0	0	1	0	0	0	0	0	0	0	0	0	0	0
OTU_1793_ITS	0	0	0	0	0	0	0	0	0	0	0	0	0	1	0	0
OTU_1794_ITS	6	10	7	6	5	4	8	2	6	2	5	8	7	4	2	6
OTU_1798_ITS	83	108	80	77	89	87	126	95	122	78	235	68	100	86	88	119
OTU_1803_ITS	0	0	1	2	1	0	0	0	0	2	0	2	0	0	0	0
OTU_1812_ITS	0	0	0	0	1	0	1	0	0	0	0	0	0	5	0	2
OTU_1816_ITS	0	0	0	0	0	0	0	0	0	0	0	1	0	0	0	0
OTU_1818_ITS	0	0	0	0	0	0	3	1	0	0	0	0	2	0	2	1
OTU_182_ITS	0	0	1	0	1	0	0	0	0	0	0	0	0	0	0	0
OTU_1823_ITS	0	0	0	0	0	0	0	0	0	0	0	0	1	0	0	0
OTU_1837_ITS	0	0	0	0	0	0	1	0	0	0	0	0	0	0	0	0
OTU_1855_ITS	0	0	1	0	0	0	1	0	0	0	1	0	0	0	0	0
OTU_1856_ITS	0	0	0	0	0	0	0	0	0	0	1	1	0	0	0	0
OTU_1874_ITS	0	0	2	1	0	0	0	0	1	0	0	0	0	0	0	0
OTU_1875_ITS	0	0	0	0	0	0	1	0	0	0	0	0	0	1	0	0
OTU_1877_ITS	1	0	0	0	0	0	0	0	0	0	0	0	0	0	0	4
OTU_1881_ITS	0	0	0	0	0	0	0	0	0	0	0	0	0	0	1	0
OTU_1893_ITS	0	0	0	0	0	0	1	0	0	0	0	0	0	0	0	0
OTU_1902_ITS	1	8	2	18	7	9	5	2	2	2	6	1	9	2	17	16
OTU_1907_ITS	1	1	0	0	1	0	1	1	1	0	0	1	2	0	0	0
OTU_1944_ITS	0	0	0	1	1	0	0	0	0	0	1	0	0	0	0	0
OTU_1947_ITS	0	0	0	0	0	0	0	0	0	0	0	0	0	1	0	0
OTU_1948_ITS	0	0	0	0	1	0	0	0	0	0	0	0	1	0	0	0
OTU_1949_ITS	0	0	0	0	0	0	0	0	0	0	2	0	0	0	0	1
OTU_1956_ITS	0	1	0	0	0	0	0	0	0	0	2	0	0	0	0	1
OTU_1957_ITS	0	0	0	0	0	0	0	0	0	0	1	0	0	0	0	0
OTU_1959_ITS	1	5	4	2	2	1	3	1	0	1	1	0	1	2	2	1
OTU_1963_ITS	0	0	0	0	1	1	0	0	0	0	0	0	0	0	0	1
OTU_1969_ITS	0	1	0	0	0	0	0	0	0	0	0	0	0	0	0	0
OTU_1971_ITS	0	0	0	0	0	1	0	0	0	0	0	0	0	0	0	0
OTU_1974_ITS	0	0	0	0	0	0	0	0	0	0	0	1	0	1	0	0
OTU_1975_ITS	0	0	0	0	1	0	0	0	0	0	0	0	0	0	0	0
OTU_1981_ITS	1	0	0	1	0	0	1	0	0	0	2	0	3	1	2	0
OTU_1983_ITS	0	0	1	0	0	0	0	0	0	0	0	0	0	0	0	0
OTU_2008_ITS	0	0	0	0	0	0	1	0	0	0	0	0	0	0	0	0
OTU_2011_ITS	0	0	0	0	0	0	0	0	0	0	0	0	0	1	0	1
OTU_2016_ITS	0	0	0	0	0	0	0	0	0	0	0	0	0	1	0	0
OTU_2017_ITS	0	3	1	0	3	2	1	3	0	1	0	1	3	2	0	3
OTU_2024_ITS	5	8	6	5	5	6	13	4	5	10	5	3	10	4	13	3
OTU_2036_ITS	0	0	0	0	0	0	0	0	0	1	0	0	0	1	0	0
OTU_2072_ITS	0	0	2	0	1	0	1	0	0	0	0	1	1	0	0	0
OTU_2073_ITS	1	0	0	2	1	0	0	1	0	0	1	1	0	0	0	2
OTU_2075_ITS	0	0	0	0	0	0	0	0	0	0	0	0	1	0	0	0
OTU_2079_ITS	0	1	0	0	0	1	0	0	0	0	0	0	0	0	0	0
OTU_2100_ITS	5	5	7	5	6	7	11	5	8	10	10	9	12	11	6	17
OTU_2103_ITS	0	0	0	0	0	0	0	0	0	0	0	0	0	0	1	0
OTU_2104_ITS	0	0	2	1	0	3	1	0	2	0	0	1	0	1	1	3
OTU_2109_ITS	0	0	0	0	0	0	0	0	0	1	0	0	0	1	0	0
OTU_2117_ITS	0	0	0	0	0	0	0	0	0	0	0	0	0	3	0	0
OTU_2118_ITS	0	0	0	0	0	0	0	0	0	0	0	0	0	1	0	0
OTU_212_ITS	0	0	0	0	0	1	0	1	0	0	0	0	0	0	0	0
OTU_2121_ITS	0	0	0	0	0	0	0	0	0	0	0	0	0	1	0	0
OTU_2125_ITS	0	0	0	0	0	0	0	0	0	0	0	0	0	1	0	0
OTU_2127_ITS	1	0	0	0	0	0	0	0	0	0	0	0	0	0	0	1
OTU_2130_ITS	0	0	0	1	0	1	0	0	0	0	1	0	1	0	0	0
OTU_2139_ITS	3	5	1	1	0	8	0	0	2	4	2	1	1	1	8	3
OTU_2146_ITS	0	1	2	0	1	0	2	2	0	0	0	1	2	0	1	1
OTU_2167_ITS	1	1	1	0	1	1	0	1	0	0	1	0	0	1	0	2
OTU_2176_ITS	1	0	0	1	0	4	1	2	0	0	0	0	0	1	0	0
OTU_2177_ITS	0	1	0	0	1	0	0	0	0	0	0	0	0	0	0	0
OTU_2197_ITS	0	0	0	0	0	0	0	0	0	0	0	0	0	0	0	1
OTU_2198_ITS	0	0	2	0	0	0	0	0	0	0	0	0	0	0	0	0
OTU_2205_ITS	0	0	0	0	0	0	0	1	0	0	0	0	0	0	0	0
OTU_2207_ITS	0	0	0	0	1	0	0	0	0	0	0	0	0	0	0	0
OTU_2220_ITS	17	25	11	16	19	7	16	10	9	13	15	22	17	32	17	18
OTU_2226_ITS	0	1	0	0	0	0	0	0	0	0	0	0	0	0	0	0
OTU_2264_ITS	1	0	0	0	0	0	0	0	0	0	0	0	0	0	0	0
OTU_2280_ITS	0	1	0	0	0	4	0	2	0	0	0	0	0	0	1	0
OTU_2290_ITS	0	2	0	2	1	0	1	1	2	1	0	0	1	2	1	2
OTU_2301_ITS	22	32	20	33	18	20	30	35	21	17	21	39	28	38	31	32
OTU_2303_ITS	8	1	2	4	3	4	3	0	1	6	4	2	4	4	3	5
OTU_2310_ITS	0	3	0	1	0	0	0	1	0	1	1	0	1	3	2	0
OTU_2311_ITS	0	0	0	1	0	0	0	0	0	0	1	0	0	0	0	0
OTU_2320_ITS	0	0	0	0	1	0	0	0	0	0	0	0	0	0	0	0
OTU_2325_ITS	0	0	0	0	0	0	0	0	0	2	0	0	0	0	0	0
OTU_2333_ITS	0	0	0	0	0	0	0	0	0	0	0	0	0	1	0	0
OTU_2335_ITS	0	0	0	1	0	0	0	0	0	1	0	0	0	1	0	1
OTU_2342_ITS	2	0	0	0	0	0	0	0	0	0	0	0	0	0	0	0
OTU_2346_ITS	0	0	0	0	0	0	1	0	1	0	1	1	0	0	2	0
OTU_2359_ITS	0	0	0	0	1	0	0	0	0	0	0	0	0	1	1	0
OTU_2365_ITS	0	0	0	0	0	0	0	1	0	1	0	1	0	0	0	0
OTU_2366_ITS	0	0	1	1	0	1	0	1	0	0	1	2	0	0	0	0
OTU_2368_ITS	0	0	0	0	0	0	0	0	0	1	0	0	0	0	0	0
OTU_2373_ITS	0	0	0	0	0	0	0	0	0	0	0	1	0	0	0	0
OTU_2375_ITS	5	3	3	7	4	0	3	1	4	1	3	3	5	3	3	6
OTU_2377_ITS	0	0	1	0	0	0	1	0	0	0	0	0	0	0	1	0
OTU_2379_ITS	0	0	0	0	0	0	0	1	0	0	0	0	0	0	0	0
OTU_2380_ITS	2	1	0	2	2	1	1	1	1	0	0	1	4	4	1	2
OTU_2392_ITS	5	4	2	3	1	1	1	1	6	5	7	2	5	5	1	3
OTU_2396_ITS	0	0	0	0	0	0	0	0	0	0	0	1	0	0	0	0
OTU_2402_ITS	0	1	0	0	0	0	0	0	0	0	0	0	0	0	0	0
OTU_2403_ITS	0	1	0	0	1	0	0	0	1	0	0	1	3	0	0	2
OTU_2407_ITS	3	1	3	1	4	2	1	1	2	1	1	0	2	1	1	2
OTU_2412_ITS	0	2	0	3	1	4	0	2	1	2	4	1	2	2	1	1
OTU_2417_ITS	0	0	0	0	0	0	0	0	0	0	0	0	0	1	0	0
OTU_2420_ITS	0	0	0	0	0	0	0	1	0	0	0	0	0	0	0	0
OTU_2423_ITS	0	0	0	0	0	0	0	0	0	0	0	0	0	1	0	0
OTU_2428_ITS	0	1	0	0	0	0	0	0	0	0	0	0	1	0	0	0
OTU_2429_ITS	0	0	0	0	0	0	0	0	0	1	0	0	0	0	0	0
OTU_2430_ITS	0	0	0	0	0	1	0	0	0	0	0	0	0	0	0	1
OTU_2439_ITS	0	0	0	0	0	1	0	0	0	0	0	1	0	0	0	0
OTU_2446_ITS	1	0	0	0	1	1	0	1	1	1	2	1	0	1	2	0
OTU_2464_ITS	0	2	0	8	1	1	2	2	1	4	0	3	2	0	4	3
OTU_2466_ITS	0	0	1	0	0	0	0	0	0	0	0	0	0	0	0	0
OTU_2474_ITS	0	0	0	0	0	0	0	1	0	0	0	0	0	0	0	0
OTU_2508_ITS	1	5	5	6	6	1	6	2	4	5	7	9	2	5	2	2
OTU_2510_ITS	0	0	0	0	0	0	0	0	0	1	0	0	0	0	0	0
OTU_2515_ITS	0	0	0	0	0	0	0	0	0	0	0	0	0	0	1	0
OTU_2529_ITS	4	3	1	1	2	0	2	2	0	2	2	1	2	4	9	2
OTU_2539_ITS	2	2	2	0	1	0	0	0	0	1	1	2	1	0	3	1
OTU_2542_ITS	0	0	0	0	0	0	0	0	0	0	0	0	0	0	0	1
OTU_2556_ITS	0	1	0	0	0	1	0	0	0	0	0	0	1	0	0	0
OTU_2557_ITS	0	0	0	1	0	0	0	2	1	0	1	0	1	1	0	0
OTU_2564_ITS	0	0	0	0	0	0	0	0	0	1	0	0	0	0	0	0
OTU_2570_ITS	0	0	0	1	0	0	0	0	0	0	0	0	0	0	0	0
OTU_2589_ITS	0	0	0	0	0	0	0	0	0	0	1	0	0	0	0	0
OTU_2592_ITS	0	1	0	0	0	0	0	0	0	0	1	1	4	0	3	1
OTU_2597_ITS	0	0	0	0	0	0	0	0	0	0	0	0	1	0	0	0
OTU_2607_ITS	0	0	0	1	0	0	0	0	0	0	0	0	0	0	0	0
OTU_2609_ITS	0	0	0	0	0	0	0	0	0	0	0	0	1	0	0	0
OTU_2615_ITS	0	0	1	0	0	0	0	0	0	0	0	0	0	0	0	0
OTU_2621_ITS	1	0	0	0	0	0	0	0	0	0	0	0	0	4	0	0
OTU_2624_ITS	0	0	0	0	0	0	0	0	1	0	0	0	0	0	0	0
OTU_2630_ITS	1	3	0	2	3	4	3	2	3	7	6	2	16	10	1	1
OTU_2631_ITS	2	7	6	5	10	6	6	7	7	5	5	4	9	10	5	5
OTU_2632_ITS	3	0	3	2	2	0	0	1	6	2	2	0	3	3	0	1
OTU_2643_ITS	0	1	0	0	0	0	0	0	1	0	0	0	1	6	0	1
OTU_2658_ITS	51	75	56	60	51	39	65	56	49	64	54	36	60	55	50	37
OTU_2660_ITS	0	0	0	1	0	0	0	0	0	0	0	0	0	0	0	0
OTU_2661_ITS	0	0	1	0	1	0	0	1	0	1	1	0	0	0	0	0
OTU_2662_ITS	0	0	0	1	0	0	0	0	0	0	0	0	0	1	0	0
OTU_2663_ITS	1	0	0	0	0	0	0	0	0	0	0	0	0	0	0	0
OTU_2664_ITS	1	0	0	0	0	0	0	0	0	0	0	0	0	0	0	0
OTU_2665_ITS	0	1	1	0	0	0	0	0	0	0	0	2	0	2	1	0
OTU_2677_ITS	0	0	0	0	0	0	0	0	1	0	0	0	0	0	0	0
OTU_2696_ITS	1	2	2	1	1	2	2	2	2	2	1	2	0	4	3	1
OTU_2715_ITS	19	11	12	8	16	5	7	11	12	4	13	15	8	14	8	9
OTU_2717_ITS	2	1	0	1	0	1	0	0	0	0	1	0	0	1	2	2
OTU_2719_ITS	1	0	1	0	0	0	0	1	0	0	1	0	0	0	2	1
OTU_2729_ITS	3	1	1	4	2	2	3	2	3	2	1	0	2	2	2	3
OTU_2732_ITS	0	0	0	0	0	0	0	0	1	0	0	0	0	0	0	0
OTU_2734_ITS	1	1	0	0	1	0	1	0	0	0	1	0	1	1	1	0
OTU_2737_ITS	0	0	0	0	0	0	0	0	0	0	1	0	0	0	0	0
OTU_2743_ITS	0	1	0	0	0	0	0	0	0	0	0	0	0	0	0	0
OTU_2757_ITS	0	0	0	0	0	0	0	0	0	0	0	0	0	0	0	1
OTU_2759_ITS	0	0	0	0	0	0	0	0	0	0	0	0	0	0	1	0
OTU_2762_ITS	0	3	3	6	4	3	0	3	3	9	6	4	2	5	5	4
OTU_2763_ITS	0	0	2	0	1	0	0	0	0	0	0	1	0	0	1	0
OTU_2772_ITS	0	0	0	0	0	0	1	0	0	2	0	0	0	0	0	0
OTU_2773_ITS	1	0	0	0	0	0	0	1	0	2	0	2	0	0	0	0
OTU_2776_ITS	1	0	0	0	0	0	0	0	0	0	0	0	1	0	0	0
OTU_2782_ITS	0	0	0	0	0	0	0	0	0	0	1	0	0	0	0	0
OTU_2791_ITS	0	0	0	0	0	0	0	0	0	0	0	0	0	1	0	0
OTU_2795_ITS	0	0	0	2	1	0	0	0	0	1	0	0	0	0	0	1
OTU_2796_ITS	0	0	0	1	2	0	0	0	1	0	2	0	0	0	0	0
OTU_2830_ITS	0	0	0	0	1	0	0	0	0	1	0	0	0	0	0	1
OTU_2850_ITS	0	0	0	0	0	0	0	0	0	0	0	0	1	1	1	1
OTU_2855_ITS	1	0	0	1	0	0	2	0	0	0	0	0	0	0	0	1
OTU_2857_ITS	0	1	0	0	0	0	0	0	1	0	0	0	0	0	0	0
OTU_286_ITS	0	0	0	0	0	0	0	0	0	0	0	0	0	1	0	0
OTU_2876_ITS	0	1	1	0	1	0	0	0	0	1	1	0	1	0	0	0
OTU_2879_ITS	3	5	2	5	1	10	7	2	1	4	1	5	3	1	4	22
OTU_2881_ITS	0	0	0	2	0	1	0	0	0	0	0	0	0	0	0	0
OTU_2893_ITS	2	0	0	0	0	0	0	0	0	0	0	0	0	0	0	0
OTU_2903_ITS	0	0	1	0	0	0	0	0	0	0	0	1	0	0	0	0
OTU_2911_ITS	0	0	0	0	0	0	0	0	0	0	0	0	1	0	0	0
OTU_2912_ITS	0	0	0	13	0	0	0	0	0	0	0	0	0	0	0	0
OTU_2923_ITS	0	0	0	0	0	0	0	0	1	0	0	0	0	0	0	0
OTU_2928_ITS	0	0	2	1	2	5	1	3	0	0	4	3	3	0	2	0
OTU_2931_ITS	0	0	0	0	1	0	0	0	0	0	0	0	0	0	0	0
OTU_2943_ITS	0	0	0	1	0	1	0	0	1	0	0	0	1	0	0	0
OTU_2967_ITS	1	0	0	8	9	12	1	3	6	0	3	1	5	4	10	7
OTU_2974_ITS	0	0	0	0	0	0	0	0	0	0	0	0	0	1	0	0
OTU_2981_ITS	0	0	0	0	0	0	0	0	0	1	0	0	0	1	0	0
OTU_2985_ITS	0	1	0	1	0	0	0	0	0	0	0	0	0	0	0	0
OTU_2998_ITS	0	0	0	0	0	0	0	0	0	0	0	0	0	1	0	0
OTU_3001_ITS	0	1	0	0	0	0	0	0	0	0	0	0	0	0	0	0
OTU_3002_ITS	0	0	0	0	0	0	1	0	0	0	0	0	0	0	0	0
OTU_3005_ITS	0	1	0	0	0	0	0	0	0	0	0	0	0	0	0	0
OTU_3007_ITS	128	119	126	124	123	95	132	111	132	138	116	114	155	155	123	118
OTU_3009_ITS	0	0	0	0	1	0	0	0	0	0	3	0	1	0	0	0
OTU_3019_ITS	0	0	1	0	0	0	0	0	0	0	0	1	0	0	0	0
OTU_3024_ITS	1	0	0	1	2	7	0	0	0	0	1	5	4	2	5	12
OTU_3028_ITS	0	0	0	0	0	1	0	0	0	2	4	1	0	0	0	0
OTU_3030_ITS	1	1	0	0	0	0	0	0	0	0	0	0	0	2	0	3
OTU_3031_ITS	0	0	1	0	1	3	0	0	0	0	0	0	0	0	3	0
OTU_3036_ITS	3	1	2	2	3	2	0	2	0	0	4	0	4	2	0	3
OTU_3040_ITS	2	2	1	8	3	3	3	1	0	3	1	1	2	3	3	14
OTU_3060_ITS	0	0	0	0	1	0	0	0	0	0	0	0	0	0	0	0
OTU_3063_ITS	0	0	0	0	0	0	1	2	2	2	1	2	1	0	1	2
OTU_3065_ITS	1	3	0	1	4	1	0	0	1	2	1	0	0	0	0	0
OTU_3066_ITS	0	0	0	0	0	0	0	0	1	0	0	0	1	1	0	1
OTU_3071_ITS	0	0	0	0	0	0	0	0	0	0	0	0	0	1	0	0
OTU_3082_ITS	0	0	0	0	0	1	0	0	0	0	0	0	0	0	1	0
OTU_3083_ITS	0	0	0	0	0	1	0	0	0	0	1	0	0	0	0	2
OTU_3084_ITS	0	0	0	0	0	0	0	1	0	0	0	0	0	0	0	0
OTU_3092_ITS	0	0	0	0	0	0	0	0	0	0	0	1	1	0	0	0
OTU_3094_ITS	0	0	0	1	0	13	2	0	0	0	6	0	1	1	0	9
OTU_3098_ITS	0	0	0	0	1	0	0	0	0	0	0	0	0	0	0	0
OTU_3099_ITS	0	0	0	0	0	0	0	0	0	0	0	0	0	0	0	1
OTU_3101_ITS	1	2	2	0	1	2	0	1	0	0	0	1	1	2	1	1
OTU_3109_ITS	0	0	0	0	0	0	0	0	0	1	0	0	0	0	0	0
OTU_3112_ITS	1	0	0	0	0	0	0	0	0	0	0	0	0	0	0	0
OTU_3113_ITS	0	0	0	0	6	2	5	4	0	0	0	0	0	0	0	0
OTU_3115_ITS	0	0	0	0	0	1	0	0	0	0	0	0	0	0	0	0
OTU_3119_ITS	1	0	0	0	0	0	0	0	0	0	0	0	0	0	0	0
OTU_3123_ITS	3	1	1	0	0	1	3	0	0	2	0	1	1	0	0	1
OTU_3127_ITS	1	0	1	0	0	0	0	0	0	0	0	0	0	0	0	0
OTU_3141_ITS	0	0	0	1	0	0	0	0	0	0	0	0	0	0	0	0
OTU_3145_ITS	2	0	0	0	1	0	0	0	1	0	0	0	1	0	0	1
OTU_3148_ITS	0	0	0	1	0	0	0	0	0	0	0	0	0	0	0	0
OTU_3152_ITS	0	0	1	1	1	0	0	2	0	0	1	2	1	0	3	0
OTU_3153_ITS	3	3	0	2	3	2	2	2	0	6	0	1	1	1	5	1
OTU_3157_ITS	0	0	0	0	0	0	0	0	0	0	0	0	1	0	0	0
OTU_3158_ITS	0	1	0	0	0	0	1	0	0	0	1	0	0	0	0	0
OTU_3166_ITS	1	2	3	2	2	5	2	2	0	1	2	1	1	1	2	3
OTU_3174_ITS	57	65	46	66	45	46	45	56	70	67	113	63	74	60	82	51
OTU_3176_ITS	0	0	0	0	0	0	0	0	0	0	0	0	0	0	0	1
OTU_3180_ITS	0	0	0	0	0	0	0	18	0	0	0	0	0	0	0	0
OTU_3184_ITS	2	7	4	9	4	2	5	8	3	5	6	6	5	0	3	2
OTU_3187_ITS	0	0	0	0	1	1	0	0	0	0	0	0	0	0	0	0
OTU_3188_ITS	0	0	0	0	0	11	0	0	0	0	0	0	0	0	0	14
OTU_3189_ITS	13	5	5	8	24	4	9	6	10	11	12	64	11	12	15	22
OTU_319_ITS	0	0	0	0	0	0	0	0	0	0	1	0	0	0	0	0
OTU_3192_ITS	0	0	0	1	0	0	0	0	0	0	0	0	0	0	0	0
OTU_3198_ITS	0	0	0	0	0	0	0	0	2	1	2	0	0	1	0	0
OTU_3200_ITS	2	0	1	2	1	0	1	0	1	1	0	0	0	0	0	0
OTU_3206_ITS	1	0	0	0	1	0	0	0	0	0	0	0	0	0	0	1
OTU_3216_ITS	0	0	0	0	0	0	1	0	0	0	0	0	0	0	0	0
OTU_3219_ITS	0	0	0	0	0	1	0	0	0	0	0	0	0	0	0	1
OTU_3221_ITS	0	1	0	1	0	1	0	0	1	0	0	0	0	0	0	0
OTU_3231_ITS	0	0	0	0	0	0	0	0	0	0	0	1	0	0	0	0
OTU_3233_ITS	12	9	9	6	10	5	11	6	4	4	11	6	7	2	5	11
OTU_3234_ITS	8	14	19	17	16	13	20	4	17	14	13	11	14	14	15	22
OTU_3253_ITS	0	0	0	0	1	0	0	1	0	0	0	0	0	1	0	0
OTU_3265_ITS	0	1	0	0	0	0	0	0	0	0	0	0	0	1	1	0
OTU_3267_ITS	0	1	0	3	2	0	2	0	0	0	0	0	0	0	0	0
OTU_3269_ITS	0	0	0	0	0	0	0	0	0	0	1	1	0	0	0	0
OTU_3271_ITS	15	6	6	7	4	1	8	9	6	5	6	3	13	5	6	5
OTU_3273_ITS	1	0	0	0	0	0	0	0	0	0	0	0	0	0	0	0
OTU_3282_ITS	0	2	0	1	0	1	1	0	0	2	0	0	0	2	0	1
OTU_3285_ITS	0	0	0	0	0	0	0	0	0	1	0	0	0	0	0	0
OTU_3293_ITS	0	1	0	0	0	0	0	0	2	7	2	0	0	4	4	0
OTU_3296_ITS	4	7	5	12	5	1	4	1	1	7	4	9	10	5	10	4
OTU_3297_ITS	1	0	0	0	0	0	0	0	0	0	0	0	0	0	0	0
OTU_3301_ITS	0	0	1	0	0	0	1	0	0	0	0	0	0	1	0	0
OTU_3303_ITS	0	0	1	0	0	0	0	0	0	0	0	0	0	3	0	0
OTU_3304_ITS	0	0	0	0	1	1	0	1	1	0	0	1	0	0	0	0
OTU_3305_ITS	0	0	0	0	0	0	0	0	0	0	0	0	0	1	0	0
OTU_3314_ITS	2	0	4	0	0	0	0	0	0	3	1	1	1	0	0	0
OTU_3321_ITS	0	1	0	0	0	0	0	0	0	0	2	0	0	1	0	0
OTU_3339_ITS	0	0	0	0	3	0	0	0	2	0	2	1	1	1	0	1
OTU_3340_ITS	0	0	0	1	0	0	0	0	0	0	0	0	1	0	0	0
OTU_3342_ITS	0	0	0	2	0	1	1	0	1	1	0	1	1	0	0	0
OTU_3344_ITS	0	0	0	0	1	0	0	0	0	0	1	0	0	1	1	0
OTU_3345_ITS	0	0	0	0	0	0	1	0	0	0	0	0	0	0	0	0
OTU_3349_ITS	0	0	1	1	0	0	0	0	0	2	1	1	0	0	1	3
OTU_3350_ITS	0	0	0	0	0	0	0	0	0	0	2	0	0	0	0	0
OTU_3363_ITS	1	0	0	1	1	0	1	3	1	3	4	0	1	2	0	2
OTU_3367_ITS	0	0	0	0	0	0	0	0	0	1	0	0	1	0	0	0
OTU_3375_ITS	0	1	1	0	0	0	1	1	0	1	0	1	0	0	0	0
OTU_3377_ITS	1	2	0	0	0	0	0	0	0	0	0	0	0	0	0	0
OTU_338_ITS	0	0	0	0	0	0	0	0	0	0	0	0	1	0	0	0
OTU_3381_ITS	0	0	1	0	0	0	0	0	0	0	0	0	0	0	1	0
OTU_3384_ITS	0	0	0	1	0	0	0	0	0	0	0	0	0	0	0	0
OTU_3385_ITS	6	0	0	0	0	0	0	0	0	0	0	0	0	0	0	1
OTU_3386_ITS	0	0	0	0	1	0	0	0	0	0	0	0	0	0	0	0
OTU_339_ITS	1	0	0	0	0	0	0	0	0	0	0	0	0	0	1	0
OTU_3390_ITS	0	0	0	0	1	0	0	0	0	0	0	0	0	0	0	0
OTU_3391_ITS	0	0	1	1	0	0	1	0	0	0	0	0	0	0	0	0
OTU_3396_ITS	0	0	0	0	0	0	0	1	0	0	0	0	0	0	1	0
OTU_3402_ITS	0	0	0	0	0	0	0	0	0	1	0	0	0	0	0	0
OTU_3410_ITS	1	0	0	0	0	0	1	0	1	0	1	1	0	2	0	0
OTU_3411_ITS	0	0	1	0	0	1	3	2	0	1	0	0	0	3	1	1
OTU_3418_ITS	0	0	0	1	0	0	0	1	0	0	0	0	0	0	0	0
OTU_3419_ITS	1	1	2	0	1	2	1	0	0	2	2	1	0	0	0	4
OTU_3420_ITS	0	0	0	1	0	0	1	0	2	3	3	1	0	0	0	3
OTU_3422_ITS	0	0	0	0	0	0	0	0	1	0	2	0	0	0	0	0
OTU_3430_ITS	0	0	0	0	0	0	0	0	0	0	0	1	0	0	0	0
OTU_3432_ITS	0	0	0	0	0	0	0	0	0	0	1	0	0	0	0	0
OTU_3436_ITS	0	0	0	0	0	0	0	0	0	0	0	0	0	0	1	0
OTU_3437_ITS	0	0	1	0	4	0	0	0	0	1	4	2	0	2	1	2
OTU_3443_ITS	4	9	4	0	11	15	0	19	5	0	11	3	0	3	1	6
OTU_3454_ITS	0	1	0	1	0	0	0	1	0	0	0	1	0	0	0	0
OTU_3458_ITS	0	0	1	0	0	0	0	0	0	0	0	0	0	0	0	0
OTU_3461_ITS	0	0	1	0	0	0	1	0	0	0	0	1	1	2	1	0
OTU_3484_ITS	1	1	0	1	1	0	0	1	0	0	1	0	0	0	1	0
OTU_3490_ITS	0	0	0	0	0	0	0	0	0	0	0	0	1	0	0	0
OTU_3505_ITS	0	0	0	0	0	0	1	0	0	0	0	0	0	0	0	0
OTU_3507_ITS	0	1	0	0	0	1	2	0	0	0	0	0	1	2	0	0
OTU_3509_ITS	1	0	0	0	0	0	0	0	0	1	0	0	0	0	0	0
OTU_3511_ITS	0	2	2	0	0	1	1	0	0	1	0	0	0	1	0	1
OTU_3526_ITS	0	0	0	0	1	0	0	0	0	0	0	0	0	0	0	0
OTU_3530_ITS	0	0	0	0	0	0	0	0	0	0	0	0	0	0	1	0
OTU_3549_ITS	0	0	1	0	0	0	0	0	0	0	0	0	0	0	0	0
OTU_3550_ITS	0	0	0	0	1	0	1	0	0	0	0	0	0	0	0	0
OTU_3589_ITS	1	0	0	1	0	1	0	0	0	3	2	1	1	1	0	0
OTU_3592_ITS	0	0	0	0	0	0	0	2	0	0	0	0	0	0	0	0
OTU_3603_ITS	0	0	1	1	2	0	0	1	0	0	0	0	0	2	0	0
OTU_3615_ITS	1	0	1	0	3	0	3	0	0	0	0	0	1	0	4	1
OTU_3620_ITS	0	0	0	0	0	0	0	0	1	0	0	0	0	0	0	0
OTU_3622_ITS	0	0	0	0	0	0	1	0	0	0	0	0	0	0	0	0
OTU_3623_ITS	0	1	0	1	2	2	1	1	4	0	0	0	0	0	2	0
OTU_3632_ITS	1	0	0	0	0	1	0	0	0	0	0	0	0	1	0	0
OTU_3643_ITS	0	0	0	0	0	0	0	0	0	0	0	0	0	1	0	0
OTU_3653_ITS	1	0	0	0	0	0	0	0	0	0	0	0	0	0	0	0
OTU_3656_ITS	0	1	0	0	0	0	0	0	0	0	0	0	0	0	0	1
OTU_3657_ITS	0	1	0	0	0	0	0	0	0	0	1	1	0	0	0	0
OTU_3658_ITS	0	0	0	0	0	0	0	0	0	0	1	0	2	0	0	0
OTU_3686_ITS	2	3	0	2	1	2	1	2	5	1	6	2	1	0	1	0
OTU_3703_ITS	0	0	0	1	1	0	0	0	0	0	0	0	0	0	0	0
OTU_3706_ITS	0	0	0	0	0	0	0	0	1	0	0	0	0	0	0	0
OTU_3710_ITS	1	0	0	0	0	0	0	0	0	0	0	0	0	0	0	0
OTU_3711_ITS	0	0	0	0	0	0	0	0	0	0	0	0	0	0	0	1
OTU_3740_ITS	0	0	0	0	0	0	0	0	0	0	1	1	1	0	0	0
OTU_3743_ITS	0	1	0	1	0	0	0	0	0	0	0	2	0	0	0	0
OTU_3747_ITS	0	0	0	0	0	0	0	1	0	0	0	0	0	0	0	0
OTU_3748_ITS	0	0	1	0	0	1	2	0	1	0	0	1	0	0	1	1
OTU_3752_ITS	2	2	2	1	2	1	2	2	3	1	1	2	7	3	1	0
OTU_3756_ITS	0	1	0	0	0	0	0	0	0	0	0	0	0	0	0	0
OTU_3760_ITS	0	0	0	0	0	0	0	0	0	0	0	129	0	0	0	0
OTU_3778_ITS	2	3	2	4	0	1	0	1	1	1	1	1	1	1	2	1
OTU_3782_ITS	1	0	0	0	0	0	0	0	0	0	0	0	1	0	0	0
OTU_3790_ITS	0	0	0	0	0	0	0	5	0	0	0	0	0	0	0	0
OTU_3791_ITS	0	0	1	0	0	0	0	0	0	0	0	0	0	0	0	0
OTU_3802_ITS	0	0	0	0	0	0	0	0	0	1	0	0	0	0	0	0
OTU_3812_ITS	0	0	0	0	3	0	1	0	1	0	0	0	3	0	6	1
OTU_3818_ITS	1	0	0	0	0	0	0	0	0	0	0	0	0	0	0	0
OTU_3824_ITS	0	0	0	0	0	0	0	0	0	0	0	0	1	0	0	0
OTU_3831_ITS	0	0	0	0	0	0	0	0	0	0	0	0	0	0	1	0
OTU_3835_ITS	0	0	0	0	0	0	0	0	0	0	0	0	0	0	0	1
OTU_3850_ITS	0	0	0	1	0	0	0	0	0	0	0	0	0	0	0	0
OTU_3860_ITS	0	0	1	0	0	0	0	0	0	0	0	0	0	0	0	0
OTU_3881_ITS	0	0	0	0	0	0	0	1	0	0	0	0	0	0	0	1
OTU_3888_ITS	0	0	0	0	0	0	0	0	0	0	0	0	0	0	2	0
OTU_3918_ITS	1	0	0	0	0	0	0	0	1	1	0	0	0	2	1	1
OTU_3920_ITS	0	1	0	0	0	0	0	0	1	0	0	0	0	1	0	0
OTU_401_ITS	0	0	0	0	0	0	0	0	0	1	0	0	0	0	0	0
OTU_4065_ITS	0	0	0	0	0	0	0	0	0	0	0	0	0	0	3	0
OTU_4119_ITS	0	1	1	1	1	1	1	0	1	0	0	1	0	4	0	2
OTU_4131_ITS	0	0	0	0	0	2	0	0	0	0	0	0	0	0	1	0
OTU_4137_ITS	0	0	0	0	1	0	0	1	0	0	0	0	0	0	0	0
OTU_4182_ITS	1	0	0	0	0	0	1	0	1	1	0	0	0	0	0	0
OTU_4192_ITS	1	0	0	0	0	0	0	0	0	0	0	0	0	0	0	0
OTU_4196_ITS	0	0	0	0	0	0	0	0	0	0	0	0	0	1	0	0
OTU_4230_ITS	1	0	0	0	0	0	0	0	0	0	0	0	0	0	0	0
OTU_4232_ITS	0	0	0	0	0	0	0	0	0	0	0	0	0	0	1	0
OTU_4261_ITS	0	0	0	0	0	0	0	0	1	0	0	0	0	0	0	0
OTU_4269_ITS	0	0	0	0	0	0	0	0	0	0	0	1	0	0	0	0
OTU_4270_ITS	1	0	2	0	0	0	0	0	1	0	0	2	2	0	0	2
OTU_4284_ITS	0	0	0	3	0	0	0	0	0	0	0	0	1	0	1	0
OTU_4288_ITS	0	1	0	0	0	0	0	0	0	0	0	2	0	0	0	0
OTU_4297_ITS	0	0	0	2	0	1	0	0	0	0	0	0	0	0	0	0
OTU_4298_ITS	0	1	1	0	0	0	2	0	0	0	0	0	0	0	0	0
OTU_4333_ITS	6	2	4	8	6	3	2	4	4	2	3	3	6	3	7	6
OTU_4369_ITS	0	1	0	0	1	0	0	0	0	0	1	1	1	0	1	0
OTU_4376_ITS	1	0	0	0	1	0	2	0	1	0	1	0	1	1	1	1
OTU_4380_ITS	0	0	0	0	1	0	0	0	0	0	0	0	0	0	0	0
OTU_4381_ITS	0	0	0	0	0	0	1	1	0	0	2	1	0	0	0	1
OTU_4385_ITS	0	0	0	0	0	1	1	0	1	0	0	0	0	0	1	0
OTU_4396_ITS	3	1	1	3	1	3	0	0	0	0	2	1	1	0	0	0
OTU_4398_ITS	0	0	0	0	0	5	0	0	1	0	0	0	2	1	0	0
OTU_4406_ITS	1	0	0	0	0	0	0	0	1	1	0	1	0	0	3	0
OTU_4410_ITS	0	0	0	0	1	1	0	0	0	0	0	0	0	0	0	0
OTU_4412_ITS	0	0	0	0	0	0	0	0	0	0	0	0	1	0	0	0
OTU_4420_ITS	0	0	0	0	0	0	7	1	0	1	0	0	0	0	0	0
OTU_4421_ITS	0	0	0	0	0	0	0	0	0	0	0	1	0	0	0	0
OTU_4430_ITS	0	0	0	0	0	0	0	0	1	0	0	0	0	0	0	0
OTU_4440_ITS	0	0	0	1	0	0	0	0	0	0	0	0	0	0	0	0
OTU_4443_ITS	0	0	0	0	0	0	0	0	1	0	0	0	0	0	0	0
OTU_4450_ITS	0	0	0	0	0	0	0	0	0	0	0	2	0	0	0	0
OTU_4453_ITS	0	0	0	1	1	0	0	0	0	0	1	0	0	0	0	0
OTU_4470_ITS	0	0	0	0	0	0	0	0	0	0	0	0	1	0	0	0
OTU_4480_ITS	1	4	0	0	0	0	2	1	17	2	7	1	1	0	0	1
OTU_4481_ITS	0	0	0	0	0	1	0	0	0	0	0	0	0	0	0	0
OTU_4483_ITS	0	0	0	1	1	0	0	0	0	0	0	0	0	0	0	0
OTU_4493_ITS	0	0	0	0	0	1	0	0	0	0	0	0	0	0	0	0
OTU_4497_ITS	0	0	1	0	1	0	1	0	3	1	0	1	1	0	1	0
OTU_4500_ITS	1	0	0	0	0	0	0	0	0	2	0	4	3	1	0	0
OTU_4503_ITS	0	0	1	1	0	1	0	0	2	4	0	0	2	0	1	1
OTU_4504_ITS	0	15	91	1	0	7	0	8	3	4	1	2	4	8	11	3
OTU_4505_ITS	2	6	5	6	8	4	3	2	6	1	8	4	6	7	7	2
OTU_4506_ITS	0	0	0	0	0	0	0	1	0	0	0	0	0	1	0	0
OTU_4527_ITS	0	0	0	0	0	0	0	0	0	6	0	0	0	0	0	0
OTU_4529_ITS	0	0	0	0	0	0	1	1	0	1	0	1	0	0	0	0
OTU_4530_ITS	1	0	0	0	0	0	0	0	0	0	0	0	0	0	0	0
OTU_4531_ITS	0	0	0	0	0	0	1	0	0	0	0	0	0	0	0	0
OTU_4548_ITS	0	0	0	0	0	0	0	2	0	0	0	0	0	0	0	0
OTU_4549_ITS	3	5	0	2	6	2	2	2	0	1	4	6	6	0	3	5
OTU_4555_ITS	0	0	0	0	0	0	1	0	0	0	0	0	0	0	0	0
OTU_4565_ITS	0	1	1	0	0	0	0	0	1	0	0	0	1	0	0	0
OTU_4567_ITS	1	0	1	1	1	0	0	1	1	1	0	0	0	10	1	1
OTU_4582_ITS	0	0	0	0	0	0	0	0	0	0	0	0	0	1	0	0
OTU_4583_ITS	0	0	1	0	0	0	0	0	0	0	0	2	0	0	0	0
OTU_4586_ITS	0	0	0	0	0	0	0	0	0	0	0	0	1	0	0	0
OTU_459_ITS	0	0	0	0	0	0	0	0	0	0	0	0	1	0	0	0
OTU_4600_ITS	0	0	1	0	0	0	0	0	0	0	0	0	0	0	0	0
OTU_4615_ITS	1	2	1	2	1	2	2	1	1	1	1	0	0	4	1	1
OTU_4623_ITS	0	0	0	0	0	1	0	0	0	0	0	0	0	0	0	0
OTU_4624_ITS	1	0	0	0	0	0	0	0	0	0	0	0	0	0	0	1
OTU_4627_ITS	0	1	0	0	0	0	0	0	0	0	0	0	0	0	0	0
OTU_4630_ITS	0	1	0	0	0	0	0	0	0	0	0	0	0	0	0	0
OTU_4635_ITS	0	0	0	0	0	0	0	0	0	0	0	0	0	0	1	0
OTU_4641_ITS	0	0	0	0	0	9	0	0	7	1	0	0	0	0	0	0
OTU_4653_ITS	9	3	5	6	1	5	0	1	7	8	2	9	8	7	5	3
OTU_4655_ITS	0	0	0	0	0	0	0	0	0	0	0	1	0	0	0	0
OTU_4659_ITS	0	0	0	0	0	0	0	0	0	0	0	0	1	0	0	0
OTU_4665_ITS	0	0	1	0	0	0	0	0	0	0	0	0	0	0	0	0
OTU_4666_ITS	0	0	1	0	1	2	0	0	0	0	0	0	0	1	0	1
OTU_4684_ITS	0	1	1	0	1	5	2	7	1	0	1	0	0	1	0	0
OTU_4687_ITS	0	0	1	0	0	0	1	0	0	0	0	0	0	1	0	0
OTU_4690_ITS	1	0	0	1	1	1	0	1	0	0	0	1	1	0	0	1
OTU_4692_ITS	0	0	0	0	0	0	0	0	0	0	0	0	0	0	0	1
OTU_4698_ITS	0	0	0	1	0	0	0	0	0	0	0	0	0	1	0	0
OTU_4702_ITS	54	35	47	59	15	27	31	24	36	45	34	32	31	40	37	33
OTU_4703_ITS	0	0	0	0	0	0	1	0	0	0	0	0	0	0	0	0
OTU_4709_ITS	14	14	0	1	0	0	1	0	0	0	0	0	0	0	14	1
OTU_4715_ITS	0	2	0	0	0	0	0	0	0	2	0	0	0	0	1	0
OTU_4716_ITS	0	0	0	0	1	0	1	2	0	1	0	1	1	0	0	0
OTU_4717_ITS	0	0	0	0	0	0	0	0	1	0	0	0	0	0	0	0
OTU_4751_ITS	0	0	0	0	0	1	0	13	1	0	0	0	0	6	0	0
OTU_4753_ITS	0	0	0	0	0	1	0	0	0	0	0	0	0	0	0	0
OTU_4754_ITS	0	0	0	0	0	0	0	0	0	1	0	0	0	0	0	0
OTU_4757_ITS	0	1	0	0	0	0	0	0	0	0	0	0	0	3	0	0
OTU_4762_ITS	0	1	0	0	0	0	0	0	0	0	0	0	0	0	0	0
OTU_4770_ITS	0	0	0	1	0	0	0	0	0	0	0	0	0	0	0	0
OTU_4771_ITS	0	0	0	0	0	0	0	0	0	0	0	0	0	1	0	0
OTU_4797_ITS	0	0	0	1	0	0	0	1	0	0	0	0	0	1	0	0
OTU_4803_ITS	2	28	0	0	0	0	0	0	0	0	0	1	0	1	0	0
OTU_4813_ITS	0	0	0	0	0	0	0	0	0	0	0	0	0	0	1	0
OTU_4816_ITS	1	0	0	3	0	0	1	0	0	2	2	0	4	1	1	16
OTU_4827_ITS	0	0	1	1	3	0	2	0	0	0	0	0	0	1	1	0
OTU_4841_ITS	0	0	0	0	0	0	0	0	2	0	0	1	3	0	0	0
OTU_4843_ITS	0	0	0	0	0	0	0	0	0	0	1	0	0	0	0	0
OTU_4848_ITS	0	0	0	0	0	0	0	0	0	0	0	0	0	1	0	0
OTU_4855_ITS	1	0	0	0	0	0	0	0	0	0	0	0	0	0	0	0
OTU_4856_ITS	2	2	0	3	0	1	6	0	0	0	2	1	2	2	8	1
OTU_4884_ITS	2	1	6	1	2	0	1	1	3	0	1	1	2	0	0	1
OTU_4895_ITS	0	0	0	0	0	0	0	0	0	0	0	0	0	0	0	2
OTU_4907_ITS	0	0	1	0	0	0	0	0	2	1	0	0	0	0	0	0
OTU_4908_ITS	11	12	7	8	6	1	4	5	8	11	5	8	13	5	5	5
OTU_4910_ITS	1	0	0	0	0	0	0	0	0	0	0	0	0	0	0	0
OTU_4920_ITS	3	2	2	2	1	0	6	2	1	3	1	4	1	2	1	3
OTU_4921_ITS	1	0	0	0	0	0	0	0	0	0	0	0	0	0	0	0
OTU_4922_ITS	12	4	6	4	9	10	4	4	7	1	10	11	6	6	6	7
OTU_4933_ITS	4	1	5	1	0	0	1	0	0	2	0	1	2	0	0	1
OTU_4941_ITS	1	0	0	0	0	0	0	0	1	0	0	0	0	0	0	0
OTU_4943_ITS	0	0	0	0	0	0	0	0	0	0	0	0	0	0	1	0
OTU_4947_ITS	0	0	0	1	0	0	0	0	0	0	0	0	0	0	0	0
OTU_4953_ITS	2	0	1	0	0	0	0	0	0	0	0	0	0	0	0	0
OTU_4956_ITS	0	0	0	0	0	0	0	0	0	1	0	0	0	0	0	0
OTU_4967_ITS	0	2	0	1	2	0	0	0	2	2	2	3	2	1	1	1
OTU_4975_ITS	0	0	0	0	0	0	0	0	0	0	0	1	0	0	0	0
OTU_4976_ITS	0	0	0	0	0	0	0	0	0	0	0	0	1	0	0	0
OTU_4980_ITS	7	3	1	0	3	4	13	1	1	2	4	4	5	0	2	0
OTU_4981_ITS	0	4	2	4	0	1	1	1	1	3	1	0	1	1	2	1
OTU_4982_ITS	0	0	0	0	0	0	0	0	2	2	0	0	0	0	5	0
OTU_5003_ITS	3	0	3	3	3	2	3	1	3	3	1	1	1	0	1	3
OTU_5004_ITS	0	0	0	0	0	0	0	0	0	0	0	1	0	0	0	0
OTU_5016_ITS	0	1	0	0	0	0	0	0	0	0	0	0	0	0	0	0
OTU_5018_ITS	0	1	0	1	2	0	0	0	0	0	1	1	1	0	1	0
OTU_5024_ITS	2	5	7	7	3	0	4	4	2	2	4	5	0	1	3	6
OTU_5031_ITS	1	0	0	0	0	0	0	0	1	0	0	0	0	0	1	1
OTU_5036_ITS	1	3	3	1	1	1	1	1	3	0	6	1	3	3	1	1
OTU_5055_ITS	0	0	0	0	0	0	0	0	0	0	0	1	0	0	0	0
OTU_5058_ITS	1	0	1	0	1	0	0	1	0	0	3	0	0	1	0	1
OTU_5076_ITS	4	6	4	4	5	6	1	5	2	4	1	4	5	3	3	3
OTU_5078_ITS	0	0	0	0	0	0	0	0	0	0	0	0	0	0	1	0
OTU_5079_ITS	5	10	4	5	6	3	4	5	20	7	3	10	5	10	6	1
OTU_5093_ITS	51	45	78	54	55	97	47	85	59	52	46	37	80	49	39	48
OTU_5113_ITS	1	0	1	0	0	0	1	0	0	0	0	0	0	0	1	0
OTU_5124_ITS	1	0	0	0	0	0	0	0	0	0	0	0	0	0	0	0
OTU_5146_ITS	0	0	0	1	0	0	2	0	1	0	0	0	0	0	0	0
OTU_5152_ITS	0	0	0	0	0	0	0	0	1	0	2	0	1	0	1	0
OTU_5153_ITS	0	0	0	0	0	0	0	1	0	0	0	0	0	0	0	0
OTU_5157_ITS	0	0	0	0	0	1	0	0	0	0	0	1	0	0	0	0
OTU_5160_ITS	2	2	0	4	0	1	2	2	5	1	1	2	1	1	1	2
OTU_5165_ITS	0	0	0	0	1	0	0	0	0	0	0	0	0	0	0	0
OTU_5180_ITS	0	1	0	0	2	0	1	0	0	2	2	0	0	0	0	1
OTU_5196_ITS	0	0	0	0	1	0	0	0	0	0	0	0	0	0	0	0
OTU_5204_ITS	0	0	0	1	0	0	0	0	0	0	0	0	0	0	0	0
OTU_5212_ITS	0	0	0	0	0	0	0	0	1	0	0	1	0	0	0	0
OTU_5213_ITS	32	34	32	33	30	28	23	36	40	31	36	37	34	37	28	23
OTU_5226_ITS	0	1	1	0	1	0	0	0	0	0	0	0	0	0	0	0
OTU_5227_ITS	0	0	0	0	0	0	0	0	0	0	0	0	2	0	0	0
OTU_5228_ITS	5	3	2	0	12	1	1	4	0	2	4	3	0	1	5	3
OTU_5235_ITS	0	0	0	0	0	1	0	1	0	1	2	1	0	1	0	0
OTU_5239_ITS	0	0	0	0	0	0	2	0	0	0	0	0	0	1	0	0
OTU_5257_ITS	0	0	0	0	0	0	0	0	0	0	0	0	1	0	0	0
OTU_5269_ITS	2	0	0	0	1	1	1	1	0	0	1	2	1	0	0	0
OTU_5292_ITS	2	1	2	3	2	4	1	3	7	3	5	1	1	2	3	3
OTU_5295_ITS	5	0	2	2	1	3	1	1	0	0	3	0	4	2	2	3
OTU_5300_ITS	2	1	1	2	4	0	2	0	0	2	1	0	0	0	1	1
OTU_5309_ITS	1	0	0	0	0	0	0	0	0	0	0	1	0	0	0	1
OTU_5312_ITS	19	29	25	29	22	15	17	15	12	15	20	13	21	32	14	22
OTU_5338_ITS	0	0	0	0	0	2	0	7	3	2	2	0	1	3	0	1
OTU_5340_ITS	0	0	1	0	0	1	0	0	0	0	0	0	2	0	0	3
OTU_5342_ITS	0	0	1	0	0	0	0	0	0	0	0	0	1	0	0	0
OTU_5343_ITS	0	0	0	0	0	0	0	0	1	0	0	0	0	0	0	0
OTU_5346_ITS	1	0	0	0	0	0	0	0	0	0	0	0	0	0	0	0
OTU_5348_ITS	3	4	1	4	0	0	1	1	1	2	2	3	4	2	9	4
OTU_5353_ITS	0	1	0	0	2	0	4	0	0	0	3	1	0	0	1	4
OTU_5357_ITS	2	3	6	3	1	1	1	2	2	1	4	2	2	4	0	1
OTU_5359_ITS	9	12	26	9	8	10	10	9	13	8	8	12	17	12	7	12
OTU_5360_ITS	0	0	0	0	0	1	0	0	0	0	0	0	0	1	1	0
OTU_5364_ITS	0	0	0	0	0	0	0	0	0	0	0	0	1	0	0	0
OTU_5365_ITS	9	7	12	10	9	6	9	12	20	21	7	11	10	12	11	8
OTU_5366_ITS	0	0	0	1	0	0	1	0	0	0	0	0	0	0	0	0
OTU_5369_ITS	0	0	0	0	0	1	0	1	0	1	0	0	0	0	0	0
OTU_5372_ITS	0	0	1	0	0	0	1	0	0	1	0	1	1	0	0	0
OTU_5385_ITS	45	39	33	36	30	37	32	69	38	37	40	49	38	30	30	39
OTU_5387_ITS	3	2	12	5	1	4	7	4	5	7	6	6	3	8	6	5
OTU_5388_ITS	8	3	4	0	2	7	6	2	2	5	6	0	0	2	2	1
OTU_5389_ITS	2	5	2	0	13	5	10	3	3	4	8	3	12	9	6	1
OTU_5392_ITS	1	0	0	0	1	0	0	0	0	0	0	0	0	0	0	0
OTU_5394_ITS	0	0	0	0	0	0	0	0	0	0	0	0	0	0	0	1
OTU_5404_ITS	0	0	1	0	3	0	0	0	0	0	0	1	0	0	1	1
OTU_5409_ITS	0	0	1	0	0	0	0	0	0	0	0	0	1	0	1	0
OTU_5411_ITS	1	0	0	0	0	0	0	0	0	0	0	0	0	0	0	0
OTU_5421_ITS	1	0	0	0	2	0	0	0	2	0	0	2	1	2	0	0
OTU_5440_ITS	0	0	0	1	0	0	0	0	1	0	2	0	1	1	1	0
OTU_5441_ITS	0	0	0	0	1	0	0	0	0	0	0	0	0	1	0	0
OTU_5442_ITS	1	1	0	0	1	1	1	1	0	5	2	0	0	0	1	3
OTU_5446_ITS	0	0	0	0	0	0	0	0	0	1	0	0	0	0	0	0
OTU_5453_ITS	0	1	2	0	0	1	0	0	0	0	3	2	1	0	1	2
OTU_5463_ITS	0	1	0	0	0	0	0	0	0	0	0	0	0	0	0	0
OTU_5465_ITS	0	0	0	0	1	0	0	0	0	0	0	0	0	0	0	1
OTU_5472_ITS	1	0	1	1	0	0	1	0	0	0	0	0	0	1	1	3
OTU_5477_ITS	1	0	0	0	3	1	0	1	0	0	0	1	0	0	1	0
OTU_5478_ITS	0	0	0	0	1	0	0	0	0	0	0	0	0	0	0	0
OTU_5485_ITS	0	0	0	1	0	0	0	1	0	0	2	0	0	1	0	1
OTU_5486_ITS	1	0	0	0	0	0	0	0	0	0	0	0	0	0	0	0
OTU_5487_ITS	0	1	1	0	0	0	0	1	0	1	0	0	1	0	0	0
OTU_5491_ITS	0	0	0	0	0	0	0	0	1	1	0	0	0	0	0	0
OTU_5495_ITS	2	2	2	5	1	3	3	2	3	3	2	2	4	1	1	1
OTU_5498_ITS	32	39	14	30	35	12	24	21	31	27	31	30	32	31	37	31
OTU_5502_ITS	0	0	0	0	0	0	0	0	0	0	1	0	0	0	0	0
OTU_5505_ITS	0	0	0	1	0	0	0	0	0	0	0	0	0	1	0	0
OTU_5510_ITS	0	1	0	0	3	1	0	0	0	0	1	1	0	1	2	0
OTU_5516_ITS	10	5	11	7	4	10	6	8	1	4	4	11	7	5	1	0
OTU_5526_ITS	0	0	0	0	0	0	1	0	0	1	1	0	1	1	1	0
OTU_5528_ITS	2	0	0	1	1	0	2	3	1	1	0	1	1	1	3	0
OTU_5530_ITS	0	0	0	0	0	0	0	0	0	1	0	0	0	0	0	0
OTU_5532_ITS	0	0	0	1	1	0	0	1	3	0	0	0	1	0	0	0
OTU_5540_ITS	0	1	0	0	0	0	0	0	0	0	0	0	0	0	0	0
OTU_5541_ITS	0	0	0	0	0	0	0	0	0	0	0	0	0	0	2	0
OTU_5547_ITS	1	0	0	0	1	0	2	0	0	1	1	0	2	0	0	0
OTU_5549_ITS	0	0	0	0	0	0	0	0	0	0	0	0	1	0	0	1
OTU_5563_ITS	0	0	0	0	0	0	0	0	0	0	0	1	0	0	0	0
OTU_5569_ITS	0	0	0	0	0	0	0	0	0	0	0	0	0	0	1	0
OTU_5571_ITS	1	0	0	0	1	0	1	1	0	0	1	0	0	0	0	0
OTU_5573_ITS	0	0	0	0	0	0	0	0	0	0	0	1	0	0	0	0
OTU_5580_ITS	0	0	0	1	0	0	0	0	0	0	0	0	0	0	0	0
OTU_5582_ITS	0	0	1	1	0	0	0	0	0	0	1	1	0	2	0	2
OTU_5584_ITS	0	0	0	0	0	0	1	0	0	0	0	0	0	1	0	0
OTU_5587_ITS	0	0	2	0	0	0	0	0	0	1	0	0	0	0	0	0
OTU_5593_ITS	1	0	0	0	1	2	2	0	2	1	0	0	0	0	0	0
OTU_5612_ITS	1	1	1	0	0	1	0	1	0	2	1	0	0	0	0	0
OTU_5614_ITS	0	0	1	1	0	1	1	0	0	1	0	0	2	2	2	0
OTU_5615_ITS	0	0	0	0	0	0	0	0	0	2	0	0	1	0	0	1
OTU_5616_ITS	0	0	0	0	0	0	0	0	0	0	1	1	0	0	0	0
OTU_5618_ITS	0	0	0	0	0	0	0	0	0	0	0	0	0	0	1	0
OTU_5622_ITS	1	0	0	0	0	0	1	0	0	0	0	0	0	0	0	0
OTU_5625_ITS	18	10	19	5	19	20	17	5	11	11	4	5	12	11	17	11
OTU_5627_ITS	0	0	0	0	1	0	0	0	0	0	0	0	0	0	0	0
OTU_5629_ITS	2	1	0	0	0	0	0	0	0	0	0	0	0	0	0	0
OTU_5631_ITS	0	0	0	1	0	0	0	0	0	0	0	0	0	0	0	0
OTU_5635_ITS	2	0	4	0	0	5	2	5	3	0	1	0	0	0	1	2
OTU_5637_ITS	15	8	1	7	7	3	12	2	4	4	7	8	2	3	8	2
OTU_5640_ITS	0	0	0	0	0	0	0	0	0	0	0	1	0	0	0	0
OTU_5642_ITS	0	0	0	0	0	0	0	0	0	0	0	1	0	0	0	0
OTU_5643_ITS	0	0	0	0	1	0	1	0	0	0	1	0	0	1	2	0
OTU_5656_ITS	0	0	0	0	0	0	1	0	0	0	0	1	0	0	0	0
OTU_5671_ITS	0	0	0	0	0	0	0	0	1	0	0	0	0	0	0	0
OTU_5674_ITS	2	0	1	0	1	0	1	0	1	0	0	0	1	1	0	1
OTU_5678_ITS	1	1	0	0	0	0	0	0	1	0	0	0	0	0	0	0
OTU_5680_ITS	0	0	0	1	0	0	0	0	0	0	0	1	0	0	1	1
OTU_5684_ITS	0	1	1	2	1	0	2	1	0	1	0	4	1	1	4	2
OTU_5687_ITS	0	0	1	0	0	0	1	0	0	0	1	0	0	0	0	0
OTU_5693_ITS	0	0	0	0	0	0	0	0	0	0	2	0	0	0	0	0
OTU_5698_ITS	0	2	1	0	1	0	0	0	0	1	0	1	0	0	0	0
OTU_5700_ITS	2	0	0	0	1	0	0	0	0	1	1	0	0	0	0	0
OTU_5710_ITS	0	0	0	0	1	0	0	0	0	0	0	0	0	0	0	0
OTU_5715_ITS	0	2	0	0	0	1	0	1	0	1	0	1	0	0	0	0
OTU_5731_ITS	16	14	16	16	9	12	10	19	9	15	14	10	10	14	10	10
OTU_5745_ITS	0	0	0	0	0	0	0	1	0	0	0	0	0	0	0	0
OTU_5756_ITS	0	0	0	0	0	0	0	1	3	0	0	1	0	1	0	1
OTU_5759_ITS	0	0	0	0	0	0	0	0	0	0	0	0	2	0	0	0
OTU_5763_ITS	1	3	0	0	0	0	1	0	0	0	0	1	0	0	0	0
OTU_5764_ITS	0	0	0	0	0	0	0	0	0	1	0	0	0	0	0	0
OTU_5769_ITS	0	0	1	0	1	1	0	0	1	0	0	0	0	0	0	0
OTU_5785_ITS	0	0	0	0	0	0	0	0	1	0	0	0	0	0	0	0
OTU_5792_ITS	9	6	3	3	2	5	4	7	2	7	2	3	2	5	6	1
OTU_5795_ITS	0	0	0	0	0	0	0	0	0	1	0	0	0	0	0	0
OTU_5807_ITS	0	0	0	0	1	0	0	0	0	0	0	0	0	0	1	0
OTU_5809_ITS	0	1	0	0	0	0	0	0	0	0	0	0	0	0	0	0
OTU_5812_ITS	0	2	0	1	3	1	0	1	0	1	1	2	1	0	1	0
OTU_5816_ITS	0	0	1	0	0	0	0	0	1	0	0	0	0	1	0	0
OTU_5821_ITS	0	1	0	0	0	0	0	0	0	0	0	0	0	0	0	0
OTU_5824_ITS	0	0	0	0	0	0	0	0	0	0	1	0	0	0	0	0
OTU_5826_ITS	3	1	0	0	0	0	3	0	1	1	0	0	0	0	0	0
OTU_5827_ITS	0	1	0	1	0	0	0	1	0	0	0	0	0	0	0	0
OTU_5828_ITS	0	0	0	0	0	0	1	0	0	2	1	0	0	0	0	0
OTU_5829_ITS	2	0	0	0	1	2	1	3	0	1	2	1	1	0	2	2
OTU_5830_ITS	1	0	1	0	1	0	0	1	5	1	1	0	0	0	1	0
OTU_5831_ITS	0	0	1	0	0	0	0	0	0	0	0	0	0	0	0	0
OTU_5836_ITS	0	0	0	1	0	0	0	0	0	0	0	0	0	0	0	0
OTU_5837_ITS	0	0	0	0	0	0	1	0	0	1	1	1	0	0	1	5
OTU_5840_ITS	0	0	0	0	0	0	0	0	0	1	0	0	0	0	0	0
OTU_5848_ITS	0	0	0	0	0	0	1	0	0	0	0	0	0	0	0	0
OTU_5858_ITS	0	0	0	0	0	0	0	0	0	0	1	0	1	0	0	0
OTU_5859_ITS	1	1	0	2	1	4	5	5	0	4	0	0	0	0	1	1
OTU_5861_ITS	0	0	1	0	0	1	0	0	0	0	1	0	0	0	0	1
OTU_5863_ITS	0	2	0	0	1	0	1	2	0	0	0	0	0	0	0	0
OTU_5890_ITS	0	0	0	0	0	0	1	0	0	0	0	0	0	0	0	0
OTU_5913_ITS	0	0	0	1	0	0	0	0	0	0	0	0	0	0	0	0
OTU_5914_ITS	0	0	0	0	0	1	0	0	0	0	0	0	0	0	0	0
OTU_5916_ITS	0	0	0	1	0	0	0	0	0	0	0	0	0	0	0	0
OTU_5919_ITS	0	0	1	0	0	0	0	0	0	0	0	1	0	1	0	0
OTU_5930_ITS	2	2	1	0	1	0	0	1	2	1	1	1	0	0	3	1
OTU_5932_ITS	2	5	0	2	0	1	1	1	1	2	0	1	0	1	1	0
OTU_5935_ITS	4	1	0	1	1	3	3	1	1	0	4	0	2	2	3	3
OTU_5939_ITS	0	0	1	0	0	0	0	0	0	0	0	0	0	0	0	0
OTU_5943_ITS	0	0	0	0	0	0	0	0	0	0	0	0	0	0	2	0
OTU_5945_ITS	2	0	1	1	1	2	3	0	1	1	4	1	1	2	1	3
OTU_5954_ITS	0	0	0	1	0	0	0	0	0	0	0	0	0	0	0	0
OTU_5958_ITS	0	0	0	1	0	0	0	1	2	0	0	0	0	0	0	0
OTU_5959_ITS	0	0	0	0	0	0	1	0	0	0	0	0	0	0	0	0
OTU_5969_ITS	0	0	0	0	0	0	0	0	1	0	0	0	0	0	0	0
OTU_5970_ITS	2	4	3	2	2	1	2	1	3	2	0	1	0	0	1	0
OTU_5973_ITS	127	118	100	119	107	144	120	124	80	122	101	113	109	88	141	180
OTU_5987_ITS	0	0	0	0	2	0	0	0	0	0	0	0	0	0	0	0
OTU_5990_ITS	0	0	0	0	0	0	1	0	0	0	0	0	0	0	0	0
OTU_5997_ITS	2	0	1	0	0	0	0	0	0	4	0	0	0	0	0	0
OTU_6002_ITS	4	7	3	1	5	1	6	8	7	6	6	12	3	13	9	6
OTU_6003_ITS	0	0	0	0	0	0	0	0	0	1	0	0	0	0	0	0
OTU_6006_ITS	0	0	0	0	0	0	0	0	0	0	0	1	0	0	0	0
OTU_6009_ITS	0	0	0	0	0	0	0	0	0	0	0	0	0	1	0	0
OTU_6011_ITS	6	2	1	4	4	0	1	2	1	4	6	4	3	3	5	8
OTU_6028_ITS	0	0	0	0	0	0	0	0	0	0	0	0	1	0	0	0
OTU_6030_ITS	0	0	0	0	0	7	0	0	0	0	1	1	0	0	42	2
OTU_6040_ITS	1	0	1	2	4	0	0	1	0	0	2	1	1	2	2	1
OTU_6042_ITS	0	0	0	0	1	1	0	0	0	0	0	0	0	0	0	0
OTU_6045_ITS	0	1	0	0	0	0	2	0	0	1	2	0	0	1	1	1
OTU_6046_ITS	0	2	0	0	0	0	0	0	0	0	0	0	2	0	0	0
OTU_6080_ITS	16	19	11	8	22	6	6	6	9	13	13	12	9	13	12	13
OTU_6098_ITS	0	0	0	0	0	0	0	0	1	0	1	0	1	0	1	0
OTU_6116_ITS	1	0	0	0	2	2	1	0	0	1	2	1	2	0	0	1
OTU_6117_ITS	0	1	0	0	0	0	0	1	0	0	0	1	0	1	1	1
OTU_6121_ITS	7	8	8	9	8	11	17	15	9	12	18	15	10	16	7	10
OTU_6131_ITS	2	1	0	1	2	0	1	0	4	6	1	3	4	0	5	1
OTU_6139_ITS	0	1	0	1	3	0	1	2	0	0	0	0	0	1	0	1
OTU_6144_ITS	0	1	0	1	0	0	1	0	2	0	0	0	0	0	0	1
OTU_6152_ITS	0	0	0	0	0	0	0	1	0	0	0	0	0	0	0	0
OTU_6156_ITS	0	0	0	1	0	0	0	0	0	0	0	0	0	0	0	0
OTU_6161_ITS	0	0	0	0	0	0	2	0	0	0	0	0	1	0	0	0
OTU_6162_ITS	0	0	0	0	0	0	0	0	0	1	0	0	0	0	1	0
OTU_6164_ITS	3	7	2	9	0	6	4	2	1	0	4	1	4	8	2	5
OTU_6165_ITS	0	0	0	0	0	1	0	0	0	0	0	0	0	0	0	0
OTU_6173_ITS	0	0	0	0	6	1	3	0	0	1	0	0	0	0	0	0
OTU_6175_ITS	0	0	0	0	0	0	0	0	0	1	0	0	0	0	0	0
OTU_6177_ITS	0	0	0	2	0	2	0	0	0	0	0	0	0	0	0	0
OTU_6182_ITS	0	0	0	2	0	0	0	0	2	0	0	0	0	0	0	0
OTU_6187_ITS	2	0	0	0	0	0	1	0	0	1	0	0	0	0	0	0
OTU_6188_ITS	2	0	1	0	0	1	4	0	2	4	1	0	7	4	1	1
OTU_6190_ITS	5	0	3	1	3	1	0	5	1	4	5	1	4	3	5	3
OTU_6194_ITS	1	0	0	0	1	3	0	0	1	0	2	0	0	0	1	0
OTU_6203_ITS	5	1	1	1	3	3	2	3	2	0	7	2	4	3	2	1
OTU_6208_ITS	0	2	0	0	2	0	1	0	0	1	0	0	0	0	0	0
OTU_6212_ITS	0	0	0	0	0	0	0	0	0	1	0	0	0	0	0	0
OTU_6217_ITS	0	0	0	0	0	0	1	0	0	1	2	0	0	0	0	0
OTU_6219_ITS	21	25	28	22	23	9	16	17	16	22	21	18	14	8	19	18
OTU_6222_ITS	0	0	0	0	0	0	0	0	0	0	0	0	0	0	0	1
OTU_6234_ITS	3	0	0	0	0	0	0	0	0	0	0	0	1	0	0	0
OTU_6236_ITS	47	33	21	35	36	26	27	29	43	39	34	34	37	35	26	39
OTU_6239_ITS	0	0	0	0	0	0	0	2	0	0	0	0	0	0	0	0
OTU_6241_ITS	6	1	4	3	2	2	3	3	1	0	5	1	0	0	0	3
OTU_6244_ITS	71	57	35	41	55	47	63	51	56	61	72	40	62	76	77	57
OTU_6245_ITS	23	27	41	24	22	34	22	50	24	31	31	28	33	30	40	24
OTU_6255_ITS	0	0	0	0	0	0	0	0	0	0	0	0	0	0	1	0
OTU_6259_ITS	0	0	0	0	0	0	0	1	0	0	0	0	0	0	0	0
OTU_6261_ITS	1	1	0	1	0	1	1	2	1	1	0	0	0	0	0	1
OTU_6265_ITS	0	0	0	0	0	0	0	0	0	0	0	0	0	0	1	0
OTU_6267_ITS	0	0	0	1	0	0	0	0	0	0	1	0	0	2	2	1
OTU_6270_ITS	0	0	0	0	0	0	0	0	0	0	0	0	0	0	1	0
OTU_6273_ITS	5	11	8	7	10	4	1	6	9	3	8	4	8	5	5	10
OTU_6280_ITS	0	5	4	2	0	2	1	1	1	0	0	0	3	5	0	1
OTU_6297_ITS	0	2	3	0	1	1	2	1	2	0	4	8	1	4	1	1
OTU_6301_ITS	0	0	0	1	0	0	1	0	0	0	0	0	0	1	0	0
OTU_6306_ITS	0	0	0	0	0	0	0	0	0	0	0	0	1	0	0	0
OTU_6308_ITS	1	3	0	1	2	3	1	1	0	1	0	2	0	2	0	2
OTU_6313_ITS	7	2	8	4	11	3	5	3	5	7	13	6	5	3	6	2
OTU_6315_ITS	1	0	0	1	1	0	0	0	0	0	1	0	0	0	0	0
OTU_6316_ITS	0	1	0	0	0	0	1	0	0	0	0	0	0	0	0	0
OTU_6317_ITS	0	0	0	1	0	0	0	0	0	1	0	0	0	0	0	0
OTU_6319_ITS	0	0	0	0	0	0	0	1	0	0	1	0	0	0	0	0
OTU_6324_ITS	0	0	0	0	0	0	0	0	0	0	1	1	0	0	0	0
OTU_6332_ITS	0	0	0	1	0	0	0	0	0	0	0	0	0	0	0	0
OTU_6357_ITS	0	0	1	1	1	0	0	0	2	1	1	1	4	0	0	5
OTU_6360_ITS	0	0	0	0	0	0	0	0	0	4	0	0	0	0	0	0
OTU_6365_ITS	1	1	2	0	1	2	2	1	1	1	1	0	0	0	5	0
OTU_6367_ITS	71	76	112	110	93	79	103	113	83	117	92	71	93	80	71	73
OTU_6378_ITS	0	0	0	0	0	0	1	1	0	1	0	2	0	1	0	0
OTU_6381_ITS	0	0	0	1	0	0	0	1	0	0	0	0	0	0	0	0
OTU_6382_ITS	0	1	1	2	0	1	1	0	1	0	1	1	0	0	0	0
OTU_6386_ITS	0	0	0	0	0	0	0	0	1	0	2	0	0	0	1	0
OTU_6389_ITS	2	5	1	1	6	2	2	1	1	0	3	3	1	4	3	1
OTU_6390_ITS	4	6	0	6	7	2	13	0	1	9	8	7	4	18	5	10
OTU_6397_ITS	0	0	1	0	0	0	0	0	1	0	0	0	0	0	0	0
OTU_6401_ITS	0	0	0	2	0	0	1	0	0	1	0	0	2	1	0	0
OTU_6407_ITS	1	0	0	0	0	0	0	0	0	0	0	0	0	0	0	0
OTU_6430_ITS	0	1	0	0	0	0	0	1	0	0	0	0	0	0	0	0
OTU_6435_ITS	86	109	146	136	127	58	115	137	130	161	98	92	113	90	123	106
OTU_6437_ITS	0	2	2	0	0	0	1	0	1	1	0	0	0	0	1	1
OTU_6438_ITS	22	33	19	24	17	13	43	19	23	23	35	26	48	38	39	23
OTU_6454_ITS	5	1	0	2	6	3	0	4	0	2	2	3	2	3	4	3
OTU_6459_ITS	0	1	0	0	1	0	3	0	0	0	0	0	0	0	0	0
OTU_6461_ITS	0	0	0	0	1	0	0	1	1	0	0	0	0	0	0	1
OTU_6464_ITS	0	0	0	0	0	0	0	0	0	0	0	1	0	0	0	0
OTU_6465_ITS	3	0	1	4	0	1	1	1	2	1	2	2	1	4	1	1
OTU_6466_ITS	0	0	0	0	0	0	1	0	0	0	0	1	0	0	0	0
OTU_6467_ITS	0	0	0	1	0	0	0	0	0	0	0	0	1	0	0	0
OTU_6469_ITS	0	0	1	0	0	0	0	1	0	1	0	0	0	0	0	0
OTU_6472_ITS	1	2	0	0	0	0	0	0	0	1	1	2	0	0	1	1
OTU_6475_ITS	0	0	0	0	0	0	0	0	0	0	1	0	0	0	0	0
OTU_6479_ITS	4	1	8	7	22	5	4	3	18	5	7	3	5	6	6	8
OTU_6494_ITS	0	0	0	0	0	0	0	0	0	0	0	1	0	0	0	0
OTU_6498_ITS	19	13	10	12	15	6	13	14	14	16	8	15	11	25	25	30
OTU_6502_ITS	1	3	1	2	2	0	1	2	4	1	2	4	2	0	5	1
OTU_6509_ITS	0	0	0	0	0	0	0	0	1	0	1	0	0	1	0	0
OTU_6513_ITS	0	0	0	0	0	0	0	0	0	0	0	0	0	0	0	1
OTU_6515_ITS	0	1	1	0	1	1	1	0	0	2	0	0	0	1	0	1
OTU_6519_ITS	0	0	0	0	2	0	0	0	0	0	2	0	0	0	0	0
OTU_6538_ITS	0	0	0	0	0	0	0	0	0	0	0	0	1	0	0	1
OTU_6540_ITS	7	1	0	4	4	2	3	1	6	1	1	0	2	0	13	1
OTU_6542_ITS	0	0	0	0	1	1	0	0	0	0	0	0	0	0	0	0
OTU_6548_ITS	9	7	3	3	7	5	4	7	7	14	7	4	10	6	8	3
OTU_6549_ITS	0	3	1	1	1	2	2	1	1	0	2	8	4	0	0	4
OTU_6550_ITS	1	0	0	0	1	0	0	0	0	1	0	1	0	0	1	0
OTU_6551_ITS	0	0	0	0	1	0	0	0	0	1	0	0	0	0	1	0
OTU_6556_ITS	0	0	0	0	0	0	0	0	0	0	0	2	0	0	0	0
OTU_6560_ITS	0	0	0	0	0	0	0	0	0	0	1	0	0	0	0	0
OTU_6565_ITS	10	5	3	6	6	2	4	7	5	3	4	3	3	3	2	3
OTU_6567_ITS	202	214	197	213	171	139	202	175	169	168	180	180	194	154	185	163
OTU_6570_ITS	1	0	1	0	0	0	0	0	0	0	0	0	0	0	0	0
OTU_6574_ITS	18	24	12	20	19	16	19	26	16	19	21	18	13	19	25	11
OTU_6582_ITS	0	0	0	0	0	0	0	1	0	0	0	0	0	0	0	0
OTU_6583_ITS	0	0	0	0	0	0	0	0	0	0	0	0	0	0	1	0
OTU_6584_ITS	0	0	0	0	0	0	0	1	0	0	0	0	0	0	0	0
OTU_6587_ITS	5	4	5	3	6	3	1	9	2	2	2	2	3	1	2	5
OTU_6588_ITS	0	0	0	0	0	0	1	2	0	0	0	0	0	0	0	2
OTU_6607_ITS	0	0	0	0	0	0	0	0	0	0	0	0	0	1	0	1
OTU_6622_ITS	0	0	0	0	1	0	0	0	0	0	0	0	0	0	0	0
OTU_6627_ITS	0	0	0	0	0	0	0	1	1	0	0	1	0	0	0	0
OTU_6629_ITS	6	0	0	3	1	1	2	0	2	2	3	1	0	5	4	0
OTU_6636_ITS	0	0	0	0	0	0	0	0	0	0	0	0	0	1	0	0
OTU_6639_ITS	0	1	1	2	0	0	4	2	1	0	2	2	2	3	2	3
OTU_6641_ITS	0	0	0	0	0	0	1	0	0	0	0	0	0	0	0	0
OTU_6644_ITS	0	0	1	0	0	0	1	0	0	1	0	0	0	0	1	2
OTU_6650_ITS	0	0	0	0	0	0	0	0	0	1	0	0	0	0	0	0
OTU_6653_ITS	0	0	2	1	0	0	0	0	3	0	0	1	0	0	2	1
OTU_6654_ITS	0	2	0	0	1	2	1	1	2	2	0	4	1	1	4	2
OTU_6655_ITS	4	0	0	0	1	1	0	2	0	0	1	0	1	2	2	2
OTU_6657_ITS	0	0	0	0	1	0	0	0	0	0	0	0	0	0	0	0
OTU_6659_ITS	0	0	0	2	3	0	0	1	2	0	0	2	3	1	0	2
OTU_6660_ITS	0	0	0	0	0	0	0	0	0	0	0	0	2	2	1	0
OTU_6661_ITS	0	0	1	0	0	0	0	0	0	0	0	0	0	0	0	0
OTU_6663_ITS	0	0	1	0	0	0	0	0	0	1	0	1	1	1	0	0
OTU_6665_ITS	2	1	4	5	6	1	2	0	1	1	6	1	4	2	5	2
OTU_6671_ITS	2	2	2	2	8	1	1	6	4	6	5	7	5	4	7	5
OTU_6674_ITS	0	0	0	1	0	0	0	0	1	0	0	0	0	1	0	0
OTU_6675_ITS	2	0	0	0	0	0	1	1	0	1	0	0	0	1	1	1
OTU_6678_ITS	0	0	0	0	0	0	0	1	0	0	0	0	0	0	0	0
OTU_6681_ITS	11	5	10	13	5	9	17	12	42	3	12	5	6	11	4	8
OTU_6683_ITS	0	0	0	2	0	0	0	0	0	0	1	1	0	0	0	0
OTU_6697_ITS	1	0	0	1	0	0	1	0	0	0	0	1	0	0	0	2
OTU_6708_ITS	0	0	1	0	0	0	1	0	0	0	1	0	2	1	2	0
OTU_6713_ITS	0	0	0	0	0	0	0	0	0	0	0	0	1	0	0	0
OTU_6716_ITS	0	0	1	0	0	0	0	1	0	0	0	0	0	0	0	0
OTU_6732_ITS	0	0	0	1	0	0	0	0	0	3	0	0	0	0	0	0
OTU_6733_ITS	0	0	0	0	0	0	0	1	0	0	0	0	0	0	0	0
OTU_6738_ITS	0	0	0	0	0	1	0	0	0	0	0	0	0	0	0	0
OTU_6741_ITS	0	1	0	0	0	0	0	0	0	0	0	0	0	0	0	1
OTU_6743_ITS	0	0	1	0	1	0	0	1	1	1	0	0	1	2	2	0
OTU_6751_ITS	0	0	0	0	0	0	0	0	0	0	0	1	0	0	0	0
OTU_6753_ITS	0	0	0	0	1	0	0	0	0	0	0	0	0	0	1	0
OTU_6754_ITS	0	0	0	0	0	0	0	0	1	0	0	0	0	0	0	1
OTU_6755_ITS	1	0	2	0	1	0	1	4	1	0	2	0	2	0	1	0
OTU_6760_ITS	1	1	0	0	2	0	1	3	0	2	1	0	0	3	0	1
OTU_6761_ITS	6	7	0	11	7	4	7	5	9	1	11	7	6	9	9	3
OTU_6765_ITS	1	0	0	2	1	0	0	0	1	1	1	0	1	1	0	1
OTU_6768_ITS	0	0	0	0	0	0	0	0	0	1	0	0	0	0	0	0
OTU_6773_ITS	14	10	9	11	8	4	12	10	8	6	20	10	7	10	11	3
OTU_6774_ITS	0	0	0	0	0	0	0	0	1	0	0	0	0	0	0	0
OTU_6780_ITS	1	0	0	0	0	0	0	0	1	0	0	0	0	0	0	0
OTU_6786_ITS	0	0	0	0	1	0	2	0	2	0	1	0	0	0	0	0
OTU_6787_ITS	0	0	0	1	0	0	0	0	0	0	0	0	0	0	0	0
OTU_6790_ITS	0	0	3	0	0	0	0	0	0	0	0	0	0	0	0	0
OTU_6792_ITS	0	1	1	0	0	0	1	1	0	1	0	1	1	1	1	2
OTU_6794_ITS	0	0	0	0	0	0	2	0	0	0	0	0	0	0	0	0
OTU_6800_ITS	0	0	0	0	0	1	0	0	0	0	0	0	0	0	2	0
OTU_6805_ITS	0	0	0	0	0	0	0	0	0	0	0	0	0	2	0	0
OTU_6808_ITS	0	1	0	0	0	0	0	0	0	0	0	0	0	0	0	0
OTU_6811_ITS	1	2	0	1	0	1	0	0	0	1	1	0	2	0	2	0
OTU_6812_ITS	0	0	0	0	0	0	0	0	1	0	0	0	0	0	0	0
OTU_6813_ITS	0	0	0	4	3	0	3	2	0	1	0	2	2	0	3	1
OTU_6816_ITS	0	0	0	0	0	1	0	0	0	0	0	0	0	0	0	0
OTU_6818_ITS	0	1	0	0	0	0	0	0	0	0	0	0	0	0	0	0
OTU_6821_ITS	0	2	0	2	0	2	0	0	2	0	0	2	0	1	0	2
OTU_6839_ITS	0	0	0	0	0	0	1	0	1	0	0	0	1	0	0	0
OTU_6844_ITS	0	0	0	0	0	0	0	0	0	0	0	0	0	1	0	0
OTU_6853_ITS	0	0	0	0	0	0	0	0	0	1	0	0	0	0	0	0
OTU_6870_ITS	15	12	13	22	9	12	8	10	7	4	6	5	9	5	7	9
OTU_6871_ITS	10	7	5	11	8	7	13	18	10	6	16	12	9	16	10	12
OTU_6877_ITS	1	0	0	0	0	0	0	0	0	1	0	0	0	0	0	0
OTU_6883_ITS	0	1	0	0	0	0	0	0	0	1	1	0	0	0	0	1
OTU_6886_ITS	0	0	0	0	0	0	0	0	0	1	0	0	0	0	0	1
OTU_6889_ITS	0	1	1	1	0	0	1	3	1	1	1	1	1	2	0	2
OTU_6891_ITS	0	0	2	0	0	1	0	0	1	0	0	0	1	3	0	0
OTU_6892_ITS	0	1	0	0	0	0	0	0	1	1	0	0	1	0	0	0
OTU_6894_ITS	0	0	0	0	0	0	0	2	0	0	0	0	0	0	0	1
OTU_6897_ITS	20	11	17	18	17	12	20	18	20	11	18	18	18	22	22	17
OTU_6903_ITS	0	1	0	0	1	0	0	0	0	1	0	0	0	0	0	0
OTU_6904_ITS	0	0	0	0	0	0	0	0	0	0	0	0	0	0	1	0
OTU_6906_ITS	1	0	0	0	0	0	0	1	0	0	0	0	0	0	0	0
OTU_6907_ITS	0	0	0	0	0	0	0	0	2	0	0	0	0	0	0	0
OTU_6908_ITS	5	5	1	2	7	2	3	3	9	2	7	3	5	2	0	2
OTU_6910_ITS	0	0	1	0	0	0	0	0	0	0	0	0	0	0	0	0
OTU_6911_ITS	0	0	0	0	0	0	0	0	0	0	0	1	0	0	0	0
OTU_6926_ITS	0	0	1	0	0	0	0	0	0	0	1	0	0	0	1	0
OTU_6932_ITS	0	0	0	0	0	0	0	0	0	0	0	0	0	0	1	0
OTU_6946_ITS	2	2	1	6	3	5	7	5	2	4	8	1	2	2	6	2
OTU_6947_ITS	0	2	0	0	0	0	0	1	1	0	2	0	1	0	0	1
OTU_6954_ITS	0	2	2	1	3	0	0	1	1	1	0	1	0	2	3	4
OTU_6955_ITS	140	86	64	72	145	73	108	99	85	100	94	86	100	102	89	84
OTU_6958_ITS	1	0	0	0	0	0	0	1	0	0	0	0	0	0	0	0
OTU_6959_ITS	0	0	0	0	0	0	1	0	0	0	0	0	0	0	0	0
OTU_6961_ITS	174	176	198	187	173	147	138	166	145	133	163	129	184	155	157	130
OTU_6967_ITS	2	3	2	6	2	3	0	4	0	2	2	2	0	5	3	2
OTU_6970_ITS	0	0	0	0	0	0	0	0	0	0	0	0	0	1	0	0
OTU_6973_ITS	0	0	0	0	0	0	0	0	0	1	0	0	0	0	0	0
OTU_6976_ITS	0	1	0	1	0	0	0	0	1	1	0	0	0	0	2	1
OTU_6977_ITS	0	1	1	0	1	0	1	0	1	1	0	0	1	0	0	0
OTU_6981_ITS	0	0	1	0	1	0	1	0	0	0	1	0	0	0	0	0
OTU_6985_ITS	0	0	0	0	0	0	0	0	0	0	0	0	0	1	0	0
OTU_6986_ITS	0	0	0	0	0	0	0	0	0	0	0	1	0	0	0	0
OTU_699_ITS	0	0	0	0	0	1	0	0	0	0	0	0	0	0	0	0
OTU_6998_ITS	0	0	0	0	0	0	0	0	0	0	0	0	0	1	0	0
OTU_7002_ITS	0	0	0	0	0	0	0	1	0	0	0	1	0	0	2	0
OTU_7004_ITS	0	0	1	0	0	0	1	0	0	0	0	0	0	0	0	0
OTU_7018_ITS	0	0	0	0	1	1	0	0	0	0	0	0	0	0	0	0
OTU_7021_ITS	0	0	0	0	0	0	0	1	0	0	0	0	0	0	0	1
OTU_7022_ITS	1	0	0	0	1	0	0	0	1	3	1	1	3	1	1	1
OTU_7024_ITS	0	0	0	0	0	0	1	0	0	0	0	0	0	0	0	0
OTU_7028_ITS	0	0	0	1	0	0	0	0	0	0	0	0	0	0	0	0
OTU_7039_ITS	0	0	0	0	0	0	0	0	0	0	0	0	0	0	0	1
OTU_7040_ITS	20	19	22	19	36	23	16	21	27	22	52	30	31	11	33	21
OTU_7041_ITS	0	0	0	0	0	0	0	0	0	0	1	0	0	1	0	0
OTU_7045_ITS	0	1	1	1	0	0	2	0	0	0	0	0	0	1	1	0
OTU_7046_ITS	0	0	0	0	0	0	0	0	0	0	0	0	0	0	1	0
OTU_7051_ITS	0	0	0	0	0	0	0	0	0	0	1	0	0	0	0	0
OTU_7053_ITS	0	1	0	0	0	1	0	0	0	0	1	0	0	2	0	0
OTU_7054_ITS	1	0	0	0	0	0	0	0	0	0	0	0	0	0	0	0
OTU_7055_ITS	0	0	0	0	0	0	0	0	1	0	0	0	0	0	0	0
OTU_7056_ITS	1	0	1	0	0	0	1	1	0	0	0	0	0	2	0	0
OTU_7061_ITS	0	2	0	1	4	0	1	1	1	3	1	1	0	4	1	0
OTU_7062_ITS	0	0	0	0	0	0	0	0	1	0	0	0	0	0	0	0
OTU_7064_ITS	1	0	0	0	0	0	0	0	0	0	0	0	0	0	0	0
OTU_7065_ITS	0	2	0	1	1	0	0	0	0	0	0	0	0	0	1	1
OTU_7077_ITS	1	2	4	0	3	0	2	2	1	2	1	2	1	16	0	2
OTU_7078_ITS	3	0	0	1	3	3	3	0	1	1	0	1	5	1	1	3
OTU_7079_ITS	0	0	0	0	1	0	0	0	0	0	0	0	0	0	0	0
OTU_7084_ITS	0	0	0	0	0	0	0	0	0	1	0	0	0	0	1	0
OTU_7086_ITS	1	0	2	0	3	0	1	0	0	0	0	0	3	6	0	0
OTU_7087_ITS	0	0	0	0	1	0	0	0	0	1	0	0	0	0	0	0
OTU_7088_ITS	1	0	0	0	2	0	0	0	0	0	1	0	0	0	0	1
OTU_7092_ITS	0	1	0	0	0	0	0	0	0	0	0	0	0	0	0	0
OTU_7093_ITS	3	0	2	0	0	0	0	1	2	3	5	0	0	0	0	2
OTU_7094_ITS	0	0	0	0	0	0	0	0	0	0	0	0	0	0	0	1
OTU_7095_ITS	6	1	4	2	6	4	3	4	6	4	0	4	4	0	1	3
OTU_7101_ITS	1	0	0	0	2	0	0	0	2	1	1	1	0	2	0	2
OTU_7105_ITS	1	7	0	1	15	2	4	2	10	4	1	1	4	3	3	4
OTU_7106_ITS	0	0	0	0	1	0	0	0	0	0	0	0	0	0	0	0
OTU_7108_ITS	0	0	1	0	0	0	0	0	0	0	0	0	0	0	0	0
OTU_7116_ITS	0	0	0	0	0	0	1	0	0	0	0	0	0	0	0	0
OTU_7117_ITS	0	0	0	0	0	0	0	0	0	0	0	1	0	0	0	0
OTU_7119_ITS	0	1	1	0	0	0	0	0	1	2	1	0	0	1	1	3
OTU_712_ITS	0	0	0	0	0	2	1	0	1	0	1	0	0	0	0	0
OTU_7139_ITS	14	25	22	13	6	9	21	12	12	33	18	18	25	20	21	19
OTU_7141_ITS	0	0	0	0	0	0	0	0	0	0	0	0	0	0	1	0
OTU_7144_ITS	1	0	0	0	2	0	0	2	3	0	1	1	0	0	1	1
OTU_7151_ITS	0	0	0	0	2	1	1	0	0	0	0	0	0	0	1	0
OTU_7153_ITS	0	0	0	0	0	1	0	0	0	0	0	0	0	0	0	0
OTU_7156_ITS	3	1	2	1	1	1	0	1	0	0	0	0	0	0	1	1
OTU_7159_ITS	0	0	0	0	0	0	0	0	0	0	0	0	1	0	0	0
OTU_7162_ITS	0	0	0	0	0	0	0	2	0	0	0	0	0	0	0	0
OTU_7171_ITS	1	0	0	0	0	0	0	0	0	0	0	0	0	0	0	0
OTU_7172_ITS	1	3	2	1	4	0	2	1	4	1	1	0	2	2	1	2
OTU_7187_ITS	0	0	0	0	0	0	0	0	0	0	0	0	1	0	0	0
OTU_7189_ITS	0	0	0	0	0	0	0	0	0	0	0	0	0	0	1	0
OTU_7192_ITS	0	0	0	0	0	0	0	1	0	0	0	0	0	2	0	1
OTU_7194_ITS	1	3	2	1	1	1	1	2	0	1	2	2	1	0	1	3
OTU_7199_ITS	2	0	0	0	0	1	4	4	1	1	2	0	1	0	1	0
OTU_7203_ITS	0	0	0	0	1	0	0	0	0	0	0	0	0	0	0	0
OTU_7206_ITS	2	1	2	2	1	1	2	1	2	2	1	3	1	3	0	2
OTU_7209_ITS	0	0	0	0	0	0	0	0	0	0	0	1	0	0	0	0
OTU_7212_ITS	2	0	2	1	2	2	2	4	6	1	0	0	4	3	2	2
OTU_7213_ITS	0	0	0	0	0	0	0	0	0	0	0	0	1	0	0	0
OTU_7217_ITS	0	0	0	0	1	0	1	0	1	0	0	0	0	0	0	0
OTU_7221_ITS	0	0	0	0	1	0	0	0	0	0	0	0	0	0	0	0
OTU_7228_ITS	0	1	0	0	0	0	0	0	0	0	0	0	0	0	0	0
OTU_7229_ITS	12	3	3	3	3	16	6	2	4	1	4	12	2	1	1	0
OTU_7231_ITS	0	0	0	0	0	0	0	0	1	0	0	0	0	0	0	0
OTU_7237_ITS	4	0	0	0	0	0	0	0	0	0	0	0	0	0	0	0
OTU_7241_ITS	401	377	546	539	418	370	410	470	427	376	438	359	443	435	449	372
OTU_7249_ITS	1	0	2	1	4	1	0	1	0	5	3	3	2	0	2	5
OTU_725_ITS	0	0	0	0	0	2	0	0	0	0	0	0	0	0	0	0
OTU_7250_ITS	0	1	0	0	0	0	0	0	0	0	0	0	0	0	0	0
OTU_7255_ITS	0	0	0	1	0	0	0	0	0	0	0	0	0	1	0	0
OTU_7260_ITS	0	0	0	0	1	0	0	0	0	0	0	0	0	0	0	0
OTU_7266_ITS	1	0	0	0	0	0	0	0	0	0	0	0	1	0	0	0
OTU_7286_ITS	8	3	7	4	2	1	5	6	4	5	3	7	2	9	3	5
OTU_7295_ITS	24	16	14	21	19	20	21	14	25	29	24	34	16	19	58	21
OTU_7298_ITS	0	3	1	1	2	0	1	1	1	0	1	0	1	0	0	0
OTU_7303_ITS	2	1	3	4	4	2	3	2	4	4	8	6	2	1	4	6
OTU_7304_ITS	0	2	0	0	0	0	0	0	0	0	0	0	0	0	0	0
OTU_7307_ITS	0	0	0	0	1	0	0	0	0	0	0	0	0	0	0	0
OTU_7312_ITS	0	0	2	1	1	1	1	1	1	0	2	0	0	0	0	0
OTU_7313_ITS	0	0	0	0	0	0	0	0	0	0	1	0	0	0	0	0
OTU_7315_ITS	3	1	2	1	2	4	2	0	2	0	1	1	3	4	5	2
OTU_7328_ITS	2	2	1	0	2	3	1	0	1	0	0	2	4	1	3	4
OTU_7334_ITS	4	4	1	2	6	3	0	0	0	0	0	0	2	0	1	8
OTU_7337_ITS	0	0	0	0	1	0	0	0	0	0	0	0	0	0	0	0
OTU_7339_ITS	1	1	1	3	0	0	0	1	0	0	0	1	1	0	1	0
OTU_7342_ITS	3	2	4	1	1	1	3	0	0	1	6	4	0	3	2	1
OTU_7349_ITS	42	36	28	68	47	24	29	42	47	58	55	39	29	23	38	60
OTU_7350_ITS	0	1	0	1	1	0	0	1	0	0	0	1	0	0	0	0
OTU_7358_ITS	0	0	0	0	0	0	0	1	0	0	1	0	0	0	0	0
OTU_7362_ITS	1	0	0	1	0	3	0	1	0	0	0	0	1	0	0	0
OTU_7364_ITS	0	0	0	0	0	0	0	0	1	0	0	0	0	0	0	1
OTU_7371_ITS	2	4	0	3	12	1	10	2	2	3	4	2	2	1	3	5
OTU_7372_ITS	2	1	0	0	0	0	0	0	0	0	0	0	0	0	0	0
OTU_7380_ITS	0	0	1	0	0	0	1	0	0	0	0	0	0	0	0	0
OTU_7381_ITS	0	0	0	1	0	0	0	0	0	0	0	0	2	0	0	0
OTU_7382_ITS	0	0	0	0	0	1	0	0	0	0	0	0	0	0	0	0
OTU_7383_ITS	0	0	1	0	0	0	0	0	0	0	0	0	0	0	0	0
OTU_7391_ITS	1	0	0	0	0	0	0	0	0	0	0	0	0	0	0	0
OTU_7393_ITS	1	0	1	1	0	3	3	1	1	2	1	1	1	0	2	3
OTU_7397_ITS	0	2	0	0	0	0	0	0	0	0	0	1	0	0	0	0
OTU_7402_ITS	0	0	0	0	0	2	1	0	0	0	0	0	0	0	0	0
OTU_7413_ITS	2	2	0	2	2	2	0	0	3	1	0	1	3	0	1	1
OTU_7418_ITS	3	0	2	1	1	3	1	0	2	3	1	0	2	1	3	1
OTU_7434_ITS	1	0	0	0	0	2	1	0	0	0	0	0	1	0	1	0
OTU_7436_ITS	2	0	0	2	3	1	1	2	0	1	3	0	3	4	1	4
OTU_7451_ITS	0	0	3	0	1	0	0	0	0	1	1	0	0	1	0	1
OTU_7457_ITS	0	0	0	1	0	0	0	0	0	0	0	2	0	0	0	0
OTU_7458_ITS	1	0	1	0	0	0	0	1	0	0	1	2	1	1	0	2
OTU_7460_ITS	0	1	4	7	0	1	0	2	0	0	0	0	4	4	1	1
OTU_7461_ITS	0	0	0	0	0	0	0	0	0	0	0	1	0	0	0	0
OTU_7462_ITS	0	0	0	0	0	0	0	0	0	1	0	0	0	0	3	3
OTU_7466_ITS	0	0	0	1	0	2	0	0	0	1	0	0	1	0	1	0
OTU_7467_ITS	0	0	1	0	2	0	0	1	0	0	1	2	0	0	0	0
OTU_7468_ITS	0	0	0	0	0	0	0	0	0	1	0	0	0	0	0	0
OTU_7472_ITS	0	1	0	0	0	0	0	0	0	0	0	0	1	0	0	0
OTU_7476_ITS	1	0	1	1	0	0	0	0	2	0	3	0	1	2	1	0
OTU_7478_ITS	1	3	3	3	0	0	3	0	1	0	3	1	0	2	1	1
OTU_7480_ITS	0	0	1	0	0	0	0	0	0	0	0	0	0	0	0	0
OTU_7481_ITS	1	0	1	0	0	1	2	1	1	0	0	1	2	1	1	3
OTU_7486_ITS	0	1	0	0	21	21	17	20	0	0	0	1	1	2	1	0
OTU_7487_ITS	0	0	0	0	0	1	0	0	0	0	0	0	0	0	0	0
OTU_7489_ITS	0	0	0	0	0	0	1	0	0	0	0	0	0	0	0	0
OTU_7491_ITS	1	0	0	1	1	1	0	2	1	0	0	1	3	0	0	0
OTU_7492_ITS	0	0	0	0	0	0	0	0	0	0	0	0	0	0	1	0
OTU_7494_ITS	8	6	7	11	14	4	7	10	8	8	0	6	13	6	13	10
OTU_7496_ITS	0	0	0	1	0	1	1	5	0	0	0	1	3	0	0	1
OTU_7498_ITS	0	0	0	0	1	0	0	0	0	0	0	0	0	0	0	0
OTU_7500_ITS	15	11	25	28	11	19	21	13	21	17	20	15	8	20	16	16
OTU_7503_ITS	1	2	2	0	3	1	2	0	3	1	4	0	4	1	1	1
OTU_7507_ITS	0	0	0	0	0	0	0	0	0	1	0	0	0	0	0	0
OTU_7508_ITS	0	0	0	0	0	1	0	0	0	0	0	2	0	0	0	0
OTU_7511_ITS	0	0	0	0	0	1	0	0	0	0	0	0	0	3	1	0
OTU_7515_ITS	3	0	1	1	0	1	0	0	2	0	0	1	0	0	0	1
OTU_7518_ITS	0	0	0	2	1	0	1	1	0	1	1	0	1	0	1	0
OTU_7520_ITS	1	0	1	2	0	2	0	1	1	2	1	3	0	0	0	0
OTU_7523_ITS	0	0	0	0	0	3	0	2	0	0	0	0	0	0	0	0
OTU_7525_ITS	0	0	0	0	1	0	0	0	0	0	0	0	0	0	2	0
OTU_7527_ITS	0	0	0	0	0	0	0	0	0	0	0	0	0	0	0	1
OTU_7545_ITS	0	2	0	2	0	1	1	1	1	1	0	2	0	0	1	2
OTU_7549_ITS	1	0	1	0	2	1	2	0	0	1	0	0	1	2	2	0
OTU_7550_ITS	0	0	0	0	0	0	0	0	0	0	1	0	0	1	1	0
OTU_7551_ITS	1	0	0	0	0	2	0	1	1	0	0	0	0	1	0	0
OTU_7553_ITS	0	0	0	0	0	0	0	1	0	0	0	0	0	0	0	0
OTU_7561_ITS	0	1	0	0	0	0	0	1	0	0	0	1	1	0	1	0
OTU_7564_ITS	2	2	4	4	3	4	1	3	4	3	2	3	4	6	3	3
OTU_7565_ITS	0	0	1	1	3	3	1	0	0	2	1	2	0	2	0	1
OTU_7567_ITS	0	0	0	0	0	0	0	0	1	1	0	0	0	0	0	0
OTU_7568_ITS	0	0	0	0	1	0	0	0	0	0	0	1	0	0	1	0
OTU_7572_ITS	2	0	0	0	0	1	1	0	0	0	0	1	0	0	0	0
OTU_7582_ITS	0	0	0	0	0	1	0	0	0	0	0	0	0	0	0	0
OTU_7587_ITS	0	1	0	1	0	0	0	1	0	1	0	0	0	3	1	1
OTU_7588_ITS	0	0	1	1	2	3	0	1	0	0	1	0	2	0	1	1
OTU_7589_ITS	0	0	0	0	0	0	0	0	0	0	0	0	1	0	0	0
OTU_759_ITS	0	0	0	0	0	0	0	0	0	1	0	0	0	0	0	0
OTU_7591_ITS	0	0	0	0	3	1	0	0	1	0	1	0	3	1	1	0
OTU_7595_ITS	0	1	0	0	1	0	1	0	0	0	0	1	0	0	0	0
OTU_7597_ITS	4	4	3	2	2	0	1	5	2	2	1	1	2	4	0	0
OTU_7603_ITS	0	0	2	1	0	0	0	0	0	0	0	0	0	1	0	0
OTU_7612_ITS	0	0	0	0	0	0	0	0	1	2	0	0	0	0	0	0
OTU_7615_ITS	3	3	0	2	0	1	0	3	3	2	2	7	5	2	3	4
OTU_7617_ITS	0	0	1	0	0	0	1	0	0	0	0	0	0	1	0	0
OTU_7622_ITS	0	0	0	0	0	0	0	0	0	0	1	0	0	0	0	0
OTU_7630_ITS	3	3	3	7	1	6	5	1	2	1	6	8	3	2	5	4
OTU_7631_ITS	0	2	0	0	2	0	1	0	0	0	0	1	0	0	0	0
OTU_7632_ITS	0	0	0	0	0	0	0	0	0	0	0	1	0	0	0	0
OTU_7644_ITS	7	13	9	11	7	13	9	8	9	9	9	10	4	8	6	9
OTU_7652_ITS	12	6	8	14	1	7	4	10	6	6	1	9	7	5	3	5
OTU_7653_ITS	0	0	0	1	0	0	1	2	0	2	1	0	0	0	0	1
OTU_7658_ITS	0	0	1	0	0	0	0	0	0	0	0	0	0	0	0	0
OTU_7668_ITS	0	0	0	0	0	0	0	0	0	1	0	0	0	0	0	0
OTU_7669_ITS	0	0	0	0	0	0	0	1	0	0	0	0	0	0	0	0
OTU_7683_ITS	0	0	0	0	0	0	1	0	0	0	0	0	0	0	0	1
OTU_7692_ITS	4	1	3	3	0	3	3	2	4	2	1	0	3	4	0	2
OTU_7695_ITS	0	0	0	0	0	0	0	0	0	0	0	1	0	0	0	0
OTU_7699_ITS	31	45	17	13	22	18	39	53	43	13	33	32	22	30	23	24
OTU_7701_ITS	0	0	0	0	0	1	0	0	0	0	0	0	0	0	0	0
OTU_7711_ITS	0	0	0	0	1	0	0	0	0	0	0	0	0	0	0	0
OTU_7719_ITS	0	0	0	0	0	0	1	1	0	0	0	0	0	0	1	0
OTU_7720_ITS	3	2	0	0	1	0	2	2	2	2	1	0	0	2	3	0
OTU_7725_ITS	0	1	0	0	0	0	0	0	0	0	0	0	0	0	0	0
OTU_7734_ITS	0	0	0	0	0	0	1	0	0	0	0	1	0	0	0	0
OTU_7746_ITS	5	5	5	2	7	2	6	4	2	5	4	5	4	3	4	4
OTU_7750_ITS	0	0	0	0	0	0	0	0	0	0	0	0	0	0	0	1
OTU_7756_ITS	4	5	1	0	0	0	0	3	4	0	0	0	2	1	2	2
OTU_7757_ITS	0	0	0	0	0	0	1	0	0	0	0	0	0	0	0	0
OTU_7758_ITS	0	1	0	0	3	0	0	1	0	1	1	3	0	1	1	1
OTU_7759_ITS	1	0	0	0	0	0	0	0	1	1	0	0	1	1	2	0
OTU_776_ITS	0	0	0	0	0	0	1	0	0	0	0	0	0	0	0	0
OTU_7760_ITS	0	0	0	0	1	0	0	0	1	0	1	0	0	0	0	0
OTU_7761_ITS	1	0	2	2	3	2	1	2	0	3	1	1	1	0	1	0
OTU_7769_ITS	1	0	1	3	2	0	0	1	0	0	5	0	1	1	0	4
OTU_7775_ITS	1	0	0	0	0	0	0	0	0	0	0	0	0	0	0	0
OTU_7780_ITS	0	0	0	0	0	0	0	0	0	0	0	0	1	0	0	0
OTU_7787_ITS	0	1	0	0	0	0	0	2	0	0	0	0	0	0	1	0
OTU_7799_ITS	0	0	0	0	0	0	0	1	0	0	0	0	0	0	0	0
OTU_7800_ITS	0	0	0	0	0	0	1	0	0	0	0	0	0	0	0	0
OTU_7803_ITS	0	0	0	0	0	0	1	0	0	0	0	0	0	0	0	0
OTU_7807_ITS	2	2	1	11	5	1	1	3	1	19	2	10	4	0	8	7
OTU_7814_ITS	0	0	0	0	0	0	0	0	0	0	1	0	0	0	0	0
OTU_7819_ITS	0	0	0	0	0	0	0	0	0	0	0	1	0	0	0	1
OTU_7824_ITS	0	0	0	0	1	0	0	0	0	0	2	0	0	0	0	0
OTU_7832_ITS	0	2	0	2	6	2	1	3	1	1	2	1	0	1	0	1
OTU_7834_ITS	1	0	1	2	0	0	0	0	1	0	1	0	0	0	0	0
OTU_7836_ITS	0	0	0	0	0	0	1	0	0	1	0	0	0	0	0	0
OTU_7837_ITS	6	9	37	4	9	8	0	0	2	1	11	6	3	3	4	2
OTU_7838_ITS	1	0	0	0	0	0	0	2	0	0	0	0	0	0	0	0
OTU_7842_ITS	0	0	0	0	0	0	0	0	0	0	0	0	0	1	0	0
OTU_7854_ITS	0	0	0	1	0	0	0	0	1	1	0	0	1	0	0	0
OTU_7856_ITS	0	0	0	0	0	0	0	1	0	0	0	0	1	0	0	1
OTU_7867_ITS	2	2	1	3	6	3	1	6	5	10	2	5	11	1	1	1
OTU_7869_ITS	0	0	0	0	1	0	0	0	0	0	0	0	0	0	0	0
OTU_7871_ITS	3	9	8	2	11	4	4	6	5	7	6	7	2	6	9	4
OTU_7874_ITS	0	0	1	0	0	0	0	0	0	0	0	0	0	0	0	0
OTU_7875_ITS	0	0	0	0	0	1	0	1	0	0	0	0	0	0	0	0
OTU_7876_ITS	0	0	0	1	1	1	0	0	1	0	0	0	0	0	1	0
OTU_7879_ITS	0	0	1	0	1	0	0	0	0	1	0	1	0	0	0	0
OTU_7881_ITS	0	4	0	0	0	0	0	0	0	0	1	0	0	1	0	2
OTU_7882_ITS	0	0	0	0	1	0	0	0	2	2	2	1	2	1	2	1
OTU_7884_ITS	9	4	8	8	15	10	14	3	6	9	8	7	11	6	16	7
OTU_7888_ITS	0	0	1	0	0	0	0	0	1	1	0	2	0	0	1	2
OTU_7890_ITS	0	0	0	0	0	0	1	0	0	0	0	0	0	0	0	0
OTU_7892_ITS	0	0	0	0	0	0	1	1	1	0	0	0	0	0	0	0
OTU_7897_ITS	0	0	0	0	0	0	0	0	1	0	0	0	0	0	0	0
OTU_7900_ITS	0	0	0	0	0	0	0	0	0	1	0	1	0	0	1	0
OTU_7901_ITS	0	0	0	1	2	0	0	0	0	0	0	0	0	0	0	1
OTU_7909_ITS	2	6	5	2	2	3	7	7	4	4	8	1	7	2	3	7
OTU_7913_ITS	0	0	0	0	0	1	0	0	0	0	0	0	0	0	0	0
OTU_7914_ITS	0	0	0	1	2	0	0	0	0	0	0	0	1	2	0	0
OTU_7916_ITS	0	0	0	0	0	0	1	1	0	0	0	0	0	0	0	0
OTU_7930_ITS	0	0	0	0	0	0	0	0	0	0	0	1	0	0	0	0
OTU_7934_ITS	0	0	0	1	0	0	0	0	0	0	0	0	0	0	0	0
OTU_7935_ITS	0	0	0	0	0	0	0	1	0	0	0	1	0	0	0	0
OTU_7936_ITS	2	2	0	0	1	0	3	4	4	1	0	1	2	3	5	2
OTU_7943_ITS	0	2	1	0	1	0	2	1	1	5	4	0	2	1	4	3
OTU_7947_ITS	0	0	0	0	0	0	0	0	0	0	0	0	0	1	0	0
OTU_7963_ITS	0	0	0	0	0	0	0	0	0	1	0	0	0	0	0	0
OTU_7964_ITS	6	14	6	11	13	2	8	13	4	7	13	13	10	9	11	12
OTU_7970_ITS	0	2	1	0	0	0	2	2	2	2	0	0	0	1	0	0
OTU_7974_ITS	0	0	0	0	0	0	0	0	1	0	0	0	0	0	0	1
OTU_7979_ITS	4	3	0	0	5	4	4	3	1	2	0	2	1	2	1	1
OTU_7990_ITS	0	0	0	1	0	0	0	0	0	0	0	1	0	1	0	0
OTU_7992_ITS	1	0	1	0	3	0	1	0	2	1	1	0	0	1	1	0
OTU_7994_ITS	0	0	0	1	0	0	2	0	0	4	3	0	0	0	3	2
OTU_7999_ITS	1	4	2	0	0	1	1	1	0	1	0	2	1	1	0	5
OTU_8005_ITS	0	0	0	0	1	2	3	3	0	0	0	0	0	0	0	0
OTU_8006_ITS	0	0	0	0	0	0	0	0	1	0	0	0	0	0	0	0
OTU_8026_ITS	0	0	0	0	0	0	0	0	0	0	1	0	0	0	0	0
OTU_8027_ITS	0	0	0	0	1	1	0	0	0	0	0	0	0	0	0	0
OTU_8029_ITS	7	0	4	7	8	7	8	3	3	4	7	4	6	5	11	15
OTU_8032_ITS	0	0	0	0	1	1	2	0	0	0	0	0	0	0	0	0
OTU_8033_ITS	0	0	1	0	0	0	1	0	0	0	0	0	0	0	0	0
OTU_8034_ITS	0	1	1	0	0	0	0	0	1	0	0	0	0	0	0	0
OTU_8037_ITS	0	0	0	0	0	0	0	0	0	0	0	0	0	0	0	1
OTU_8039_ITS	0	1	0	0	0	0	1	0	0	0	0	0	0	0	0	0
OTU_8043_ITS	0	0	0	1	1	0	0	0	0	1	0	0	0	0	0	0
OTU_8050_ITS	2	1	0	0	1	1	1	0	0	0	0	0	0	0	0	1
OTU_8051_ITS	0	0	1	0	0	0	0	0	1	0	0	0	0	0	0	0
OTU_8056_ITS	0	2	1	4	3	1	1	3	2	2	2	1	3	0	1	0
OTU_8062_ITS	1	0	2	0	0	0	0	1	0	0	1	3	2	0	0	0
OTU_8073_ITS	4	1	1	3	8	3	10	4	4	2	3	1	4	4	6	6
OTU_8078_ITS	0	0	0	0	0	0	0	0	0	0	1	0	0	0	0	0
OTU_8082_ITS	1	0	0	0	0	0	0	0	0	0	0	0	0	0	0	0
OTU_8083_ITS	1	0	0	1	0	0	2	0	0	1	0	0	1	0	1	1
OTU_8085_ITS	1	1	1	1	1	0	0	1	0	0	0	1	1	1	1	0
OTU_8093_ITS	0	0	0	0	0	0	1	0	1	0	0	0	0	0	0	0
OTU_8094_ITS	0	0	0	0	0	1	0	1	0	0	0	0	1	0	0	0
OTU_8099_ITS	0	0	0	0	0	1	0	1	0	0	0	0	1	0	0	0
OTU_8100_ITS	3	0	0	1	2	0	1	1	0	0	0	1	0	0	1	0
OTU_8107_ITS	0	0	0	0	3	0	1	0	0	0	0	0	3	2	1	0
OTU_8115_ITS	0	0	1	2	0	0	1	0	0	0	0	2	0	0	0	0
OTU_8123_ITS	1	1	1	1	0	0	0	0	0	0	1	0	0	2	2	1
OTU_8143_ITS	0	0	0	0	0	0	0	0	0	0	0	1	0	0	0	0
OTU_8150_ITS	2	2	3	2	0	2	1	3	1	2	1	0	0	4	0	1
OTU_8153_ITS	0	0	1	0	0	0	0	0	0	0	0	0	0	0	0	0
OTU_8158_ITS	0	0	0	0	0	0	0	0	1	0	0	1	0	0	0	0
OTU_8160_ITS	0	0	0	0	0	0	1	0	1	2	0	1	0	0	0	1
OTU_8161_ITS	0	0	0	1	0	0	0	0	0	0	0	0	0	0	0	0
OTU_8163_ITS	0	1	0	0	2	0	2	1	2	2	2	0	1	0	1	0
OTU_8168_ITS	0	2	1	2	0	1	0	1	0	2	0	5	0	0	0	0
OTU_8171_ITS	6	8	1	1	3	4	6	1	4	3	3	6	3	6	7	3
OTU_8193_ITS	0	1	0	0	0	2	0	0	0	1	0	0	0	1	0	0
OTU_8199_ITS	1	0	0	0	0	0	0	0	0	0	0	0	0	0	0	0
OTU_8200_ITS	0	0	0	0	0	0	0	0	0	1	0	0	0	0	0	0
OTU_8206_ITS	2	2	1	0	4	3	2	2	4	2	4	1	2	4	0	2
OTU_8207_ITS	1	0	0	1	0	0	0	0	0	0	0	0	0	0	0	0
OTU_8208_ITS	0	0	0	0	0	0	0	0	0	0	1	0	0	0	0	1
OTU_8213_ITS	0	0	0	0	0	0	1	0	0	0	0	0	0	0	0	0
OTU_8216_ITS	0	0	0	0	0	0	0	1	0	0	0	0	0	1	0	0
OTU_8219_ITS	1	0	0	0	2	0	0	0	0	0	0	0	0	0	0	0
OTU_8225_ITS	1	1	2	3	0	0	1	0	4	3	5	2	4	2	4	8
OTU_8226_ITS	0	3	0	0	0	0	1	11	0	0	5	1	4	2	1	0
OTU_8228_ITS	0	0	0	0	0	0	0	0	0	0	0	1	0	0	0	0
OTU_8229_ITS	0	0	0	0	0	0	0	0	0	0	0	0	0	0	0	1
OTU_8237_ITS	0	1	0	0	0	0	0	0	0	0	0	0	0	0	0	0
OTU_8239_ITS	0	0	0	0	0	0	0	0	0	0	1	0	0	0	0	0
OTU_8241_ITS	2	2	0	0	0	0	0	0	2	1	2	0	0	1	0	0
OTU_8245_ITS	0	0	0	0	0	0	0	0	0	0	0	0	0	1	0	0
OTU_8249_ITS	0	0	0	0	0	0	0	0	0	0	0	0	0	0	0	1
OTU_8261_ITS	0	0	0	0	0	0	0	1	1	0	0	0	0	0	0	0
OTU_8262_ITS	0	0	0	0	1	0	0	0	0	0	1	0	0	0	0	0
OTU_8263_ITS	0	1	0	1	0	2	0	1	0	0	1	0	1	0	1	2
OTU_8274_ITS	0	2	0	0	0	0	1	0	0	1	0	0	0	0	0	1
OTU_8277_ITS	0	0	0	0	0	0	0	0	1	1	1	0	0	0	0	0
OTU_8280_ITS	0	0	0	0	0	0	0	0	0	0	0	0	0	1	0	1
OTU_8281_ITS	0	0	1	0	0	0	0	0	0	0	0	0	0	0	0	0
OTU_8283_ITS	0	0	0	1	0	0	0	0	0	0	0	0	0	0	0	1
OTU_8284_ITS	0	1	1	1	1	0	1	2	1	2	1	0	0	0	2	0
OTU_8285_ITS	1	1	0	0	4	4	0	3	1	2	0	1	0	0	0	0
OTU_8291_ITS	0	3	0	2	0	1	2	0	0	1	2	1	0	0	2	0
OTU_8292_ITS	0	0	0	0	0	0	0	0	0	0	0	1	0	0	0	0
OTU_8293_ITS	0	1	2	1	3	2	1	0	4	5	1	1	0	2	2	0
OTU_8297_ITS	12	9	9	4	17	5	15	3	10	9	21	12	16	14	3	3
OTU_8300_ITS	0	0	0	2	0	0	0	0	0	0	0	0	0	0	0	0
OTU_8301_ITS	1	1	0	0	0	0	0	0	0	0	0	0	0	0	0	0
OTU_8304_ITS	0	1	0	0	0	1	0	0	2	1	0	1	0	1	0	1
OTU_8305_ITS	0	0	0	0	0	0	0	0	0	2	0	0	0	0	0	0
OTU_8306_ITS	0	0	1	0	0	0	0	0	0	0	0	0	0	0	0	0
OTU_8309_ITS	1	0	0	0	0	0	0	0	0	0	0	0	0	0	0	0
OTU_8311_ITS	0	0	0	0	0	0	0	1	0	0	0	0	0	0	0	0
OTU_8313_ITS	2	3	0	2	1	1	3	3	3	6	1	2	3	16	0	3
OTU_8318_ITS	1	0	1	0	0	0	0	0	2	2	1	0	0	0	1	0
OTU_8322_ITS	0	0	1	0	0	0	2	0	1	0	0	1	0	1	0	1
OTU_8323_ITS	0	0	0	2	0	1	4	1	1	0	1	1	1	0	1	0
OTU_8341_ITS	0	0	0	0	0	0	0	0	0	0	0	0	0	0	1	0
OTU_8343_ITS	0	0	0	0	0	0	0	0	1	2	1	0	0	0	0	0
OTU_8347_ITS	0	0	0	0	0	0	0	0	0	0	1	0	0	0	0	0
OTU_8348_ITS	6	27	7	14	4	9	24	1	6	33	6	16	0	13	14	12
OTU_8350_ITS	0	1	0	2	0	2	0	64	1	0	0	1	0	0	2	0
OTU_8351_ITS	3	1	2	2	7	0	4	1	0	1	1	1	4	0	2	2
OTU_8353_ITS	0	0	1	0	0	0	0	0	0	0	0	0	0	0	0	0
OTU_8367_ITS	0	0	1	1	0	0	0	0	0	0	0	0	0	0	0	0
OTU_8368_ITS	0	0	0	0	0	0	0	0	0	0	1	0	0	1	0	1
OTU_8382_ITS	0	0	0	0	0	0	0	0	2	0	0	0	0	0	0	0
OTU_8404_ITS	0	0	2	0	2	0	0	0	0	0	1	0	0	0	0	0
OTU_8408_ITS	3	1	0	1	0	0	0	0	1	0	0	0	1	0	1	0
OTU_8422_ITS	0	1	1	0	0	0	0	0	0	0	0	0	0	0	0	2
OTU_8430_ITS	0	0	0	0	0	1	0	0	0	0	1	0	1	0	0	0
OTU_844_ITS	0	1	0	0	0	0	0	0	0	0	0	0	0	0	0	0
OTU_8440_ITS	0	1	0	0	0	0	1	0	2	0	0	1	0	1	0	0
OTU_8442_ITS	1	0	1	0	1	1	0	0	4	3	0	0	1	0	3	3
OTU_8443_ITS	1	1	0	0	0	0	0	3	0	0	0	0	0	0	0	0
OTU_8444_ITS	0	0	1	0	0	0	0	0	0	0	0	0	0	0	0	0
OTU_8445_ITS	0	0	0	0	0	0	0	0	1	0	0	0	0	0	0	0
OTU_8446_ITS	2	0	1	2	3	0	2	0	3	9	0	1	9	1	2	1
OTU_8447_ITS	0	0	0	0	0	0	0	0	0	0	1	0	0	0	0	0
OTU_8448_ITS	0	0	0	0	0	0	0	0	1	0	0	0	0	0	0	0
OTU_8452_ITS	1	0	0	0	0	0	0	0	0	0	0	0	0	0	0	0
OTU_8453_ITS	12	3	22	16	18	9	15	6	33	20	19	8	43	13	3	17
OTU_8463_ITS	4	0	1	3	0	1	3	1	1	3	1	0	3	0	1	4
OTU_8475_ITS	0	0	0	4	0	0	0	0	1	1	2	0	0	2	0	0
OTU_8476_ITS	5	1	3	6	1	0	3	5	6	8	8	5	3	0	2	1
OTU_8477_ITS	81	0	0	0	3	0	0	0	0	0	0	0	0	1	0	0
OTU_8480_ITS	0	1	0	0	0	0	0	1	0	0	0	1	0	0	0	0
OTU_8484_ITS	0	0	0	0	0	0	0	0	0	0	1	0	0	0	0	0
OTU_8490_ITS	0	0	0	0	0	0	0	0	0	0	0	0	0	0	1	0
OTU_8497_ITS	0	0	0	0	0	0	0	0	0	0	0	1	0	0	0	0
OTU_8498_ITS	0	0	0	0	1	0	0	2	1	3	1	0	2	0	0	0
OTU_8502_ITS	1	0	1	0	0	0	1	0	1	0	0	1	0	1	0	0
OTU_8503_ITS	4	0	0	0	0	483	1	0	3	2	10	1	2	0	6	0
OTU_8506_ITS	29	34	16	36	21	15	18	21	16	20	14	18	25	12	19	31
OTU_8509_ITS	0	0	0	0	1	0	0	0	0	0	0	0	0	0	0	0
OTU_8514_ITS	0	0	0	0	0	0	0	0	1	0	0	0	0	0	0	1
OTU_8521_ITS	22	27	14	25	34	9	53	19	55	42	29	46	44	34	20	10
OTU_8522_ITS	0	0	0	0	1	0	0	0	0	0	0	0	0	0	0	0
OTU_8530_ITS	0	0	0	0	0	0	1	3	0	0	0	0	0	0	0	0
OTU_8547_ITS	54	65	42	87	45	84	64	170	71	71	48	110	113	90	121	47
OTU_8548_ITS	14	9	2	4	9	1	11	2	12	7	9	11	18	4	8	8
OTU_8560_ITS	8	6	6	6	7	11	17	13	8	12	8	10	8	15	7	7
OTU_8561_ITS	0	1	0	0	0	0	0	1	0	0	0	0	0	0	0	0
OTU_8563_ITS	1	0	0	0	0	0	0	0	0	0	0	0	0	0	0	0
OTU_8567_ITS	0	2	0	0	2	1	3	1	1	0	1	0	0	0	4	1
OTU_8569_ITS	0	0	0	1	0	0	1	2	0	0	0	1	0	0	1	0
OTU_8570_ITS	1	0	0	1	1	1	0	0	0	0	0	1	1	0	0	1
OTU_8571_ITS	0	0	0	1	0	0	0	1	2	0	0	1	0	1	0	0
OTU_8574_ITS	1	0	1	1	1	0	6	0	0	0	0	0	0	0	0	3
OTU_8575_ITS	0	0	0	1	0	1	0	0	1	0	0	0	0	0	0	0
OTU_8577_ITS	0	0	0	0	0	1	0	0	0	2	0	0	2	0	1	1
OTU_8579_ITS	0	0	0	0	0	0	0	0	0	0	0	0	0	0	2	0
OTU_8580_ITS	2	0	0	0	0	1	0	1	0	0	0	1	0	0	0	0
OTU_8581_ITS	1	3	0	1	2	0	0	4	2	1	1	2	1	1	1	0
OTU_8582_ITS	187	167	138	113	151	107	210	158	157	160	148	125	134	108	129	152
OTU_8583_ITS	0	0	1	1	0	0	0	0	0	0	0	0	0	0	0	0
OTU_8584_ITS	1	0	3	2	0	0	0	1	0	0	0	0	0	1	1	0
OTU_8588_ITS	0	0	0	0	0	1	0	0	0	0	0	0	0	0	0	0
OTU_8589_ITS	6	1	4	4	4	3	6	0	2	3	9	2	0	5	4	6
OTU_8590_ITS	0	0	0	0	0	0	0	0	0	0	1	0	0	0	0	0
OTU_8591_ITS	3	0	0	1	4	0	11	0	0	0	0	1	0	1	1	0
OTU_8592_ITS	0	0	0	0	0	0	0	2	0	0	0	0	0	0	0	6
OTU_8595_ITS	1	1	0	0	2	0	0	2	1	1	1	0	0	3	0	0
OTU_8596_ITS	0	1	0	0	0	0	0	0	0	1	0	0	0	1	0	0
OTU_8598_ITS	0	0	1	0	0	0	1	0	0	0	0	0	0	0	0	0
OTU_8600_ITS	0	0	1	1	0	1	2	2	3	0	0	2	2	1	1	0
OTU_8601_ITS	0	1	0	0	0	1	0	0	0	0	1	0	0	1	0	0
OTU_8602_ITS	0	0	0	0	0	1	0	0	0	0	0	0	0	0	0	0
OTU_8603_ITS	0	1	0	0	0	0	0	0	0	0	0	0	0	0	0	0
OTU_8611_ITS	0	0	0	0	0	0	0	0	0	0	0	0	0	1	0	0
OTU_8616_ITS	0	0	0	0	0	0	0	0	0	1	0	0	0	0	0	0
OTU_8620_ITS	1	0	1	0	0	0	0	0	1	0	0	1	1	0	0	0
OTU_8624_ITS	4	2	0	1	0	1	3	1	0	1	1	4	3	1	0	0
OTU_8630_ITS	11	2	9	8	11	3	5	6	10	6	2	8	9	9	6	4
OTU_8633_ITS	50	18	44	42	22	68	22	25	37	36	33	27	29	22	24	15
OTU_8636_ITS	16	1	4	0	4	113	0	0	2	2	6	1	0	0	1	0
OTU_8638_ITS	0	0	0	0	0	0	0	0	0	0	0	0	0	0	0	1
OTU_8639_ITS	0	0	1	1	0	1	3	0	0	4	0	0	0	0	0	6
OTU_8640_ITS	7	2	5	4	11	5	7	2	10	4	4	1	11	8	5	5
OTU_8642_ITS	2	8	7	8	4	4	6	2	4	5	3	9	7	7	7	8
OTU_8645_ITS	1	0	0	1	0	0	0	0	0	0	0	0	0	0	0	0
OTU_8652_ITS	2	0	2	1	1	0	1	1	3	1	2	1	0	1	0	5
OTU_8661_ITS	0	0	0	0	1	2	1	1	0	0	0	0	0	1	0	0
OTU_8663_ITS	0	1	0	0	0	0	0	0	1	0	0	0	0	0	0	0
OTU_8664_ITS	2	0	0	0	0	0	0	0	0	0	0	0	2	0	0	0
OTU_8667_ITS	0	0	0	1	0	0	2	1	0	0	2	2	0	0	0	0
OTU_8682_ITS	0	3	0	0	0	0	0	0	0	0	0	0	0	0	0	0
OTU_8689_ITS	1	0	0	0	0	0	0	0	0	0	0	0	0	0	0	0
OTU_8694_ITS	0	0	0	2	0	0	0	1	0	0	1	0	0	0	1	0
OTU_8697_ITS	0	0	0	0	0	0	0	0	0	0	1	0	0	0	0	0
OTU_8702_ITS	0	0	0	0	0	0	0	1	0	0	0	0	0	0	0	0
OTU_8703_ITS	0	0	0	0	0	1	0	0	0	0	0	0	0	0	0	0
OTU_8704_ITS	0	0	1	0	1	2	0	1	1	1	0	0	0	0	0	1
OTU_8706_ITS	0	1	0	0	0	0	0	0	0	0	0	0	0	0	0	0
OTU_8716_ITS	2	0	3	3	1	1	0	1	0	1	0	0	1	3	1	2
OTU_8725_ITS	0	0	0	0	2	0	1	0	0	0	0	0	0	0	1	0
OTU_8738_ITS	1	2	0	4	10	0	2	2	4	1	1	1	13	1	3	9
OTU_8739_ITS	0	2	0	0	1	0	0	0	0	0	0	3	0	0	0	1
OTU_8741_ITS	0	0	0	0	0	0	0	0	0	0	0	0	1	0	0	0
OTU_8742_ITS	0	1	0	1	1	0	1	2	1	5	0	2	0	1	4	1
OTU_8743_ITS	0	3	0	0	0	1	1	1	0	2	3	0	1	3	0	0
OTU_8746_ITS	0	0	0	0	0	0	0	0	0	0	0	0	1	0	0	0
OTU_8754_ITS	1	0	1	0	0	0	0	0	0	0	0	0	0	0	0	0
OTU_8756_ITS	0	0	0	0	0	0	0	0	0	1	0	0	0	0	0	0
OTU_8757_ITS	0	0	0	0	0	0	0	0	1	0	0	0	0	0	0	0
OTU_8759_ITS	1	1	0	0	1	0	2	0	1	0	0	0	1	1	0	1
OTU_8760_ITS	1	0	0	0	0	0	0	0	0	0	0	0	0	0	0	0
OTU_8762_ITS	1	0	0	0	0	0	0	0	1	0	0	0	0	0	0	0
OTU_8763_ITS	0	0	1	0	0	1	0	1	0	0	0	0	0	0	0	0
OTU_8767_ITS	0	0	0	0	1	1	0	1	0	0	0	0	0	1	0	0
OTU_8768_ITS	0	0	0	0	0	0	0	0	0	1	0	1	0	0	0	0
OTU_8773_ITS	1	0	0	1	0	0	0	0	0	0	0	0	0	0	0	0
OTU_8774_ITS	0	0	0	0	0	0	1	0	0	0	0	0	0	2	1	0
OTU_8778_ITS	2	1	0	0	4	0	0	0	0	0	0	0	0	0	0	0
OTU_8780_ITS	2	1	2	2	5	0	3	0	4	2	2	2	2	0	1	5
OTU_8783_ITS	0	0	0	0	1	0	0	0	0	0	0	0	0	0	0	0
OTU_8785_ITS	1	4	3	3	3	5	3	2	0	8	1	1	1	1	4	5
OTU_8787_ITS	2	0	0	0	0	0	0	0	0	0	0	0	0	1	0	0
OTU_8792_ITS	3	6	1	2	7	2	3	1	0	1	1	3	2	4	2	0
OTU_8794_ITS	0	0	0	0	0	0	0	0	0	0	0	0	0	0	0	1
OTU_8801_ITS	0	0	0	0	0	0	0	0	0	0	0	1	0	0	0	0
OTU_8802_ITS	0	0	0	1	1	0	0	0	0	0	1	0	1	0	0	0
OTU_8806_ITS	0	0	0	0	0	0	0	0	0	0	1	0	0	0	0	0
OTU_8807_ITS	0	0	0	0	0	0	0	0	0	0	1	0	0	0	0	0
OTU_8815_ITS	0	0	0	0	0	0	0	0	1	4	0	0	0	0	1	4
OTU_8817_ITS	1	11	0	1	3	2	7	0	2	2	1	2	1	0	0	1
OTU_8822_ITS	0	1	0	1	1	0	0	0	0	1	0	0	0	2	0	0
OTU_8831_ITS	30	33	13	30	41	17	45	54	27	44	28	35	25	23	20	73
OTU_8833_ITS	0	2	0	0	0	0	0	0	0	0	0	0	0	0	0	0
OTU_8838_ITS	0	0	0	0	0	0	0	0	0	0	0	1	0	0	0	0
OTU_8839_ITS	0	0	1	0	0	0	0	0	0	0	0	2	1	0	0	0
OTU_8840_ITS	0	1	0	0	0	0	0	0	0	0	0	0	0	0	0	0
OTU_8845_ITS	17	16	24	21	23	20	25	19	22	18	26	14	25	19	10	34
OTU_8846_ITS	0	0	1	0	0	3	0	2	0	0	1	0	2	1	0	0
OTU_8847_ITS	1	0	1	1	1	0	2	1	1	0	1	0	0	0	0	0
OTU_8853_ITS	0	0	0	0	0	0	1	0	0	0	0	0	0	0	0	0
OTU_8857_ITS	1	0	0	1	0	0	0	0	0	0	0	0	0	0	0	0
OTU_8859_ITS	5	7	10	11	7	4	6	4	3	9	6	5	4	6	6	5
OTU_8861_ITS	0	0	0	0	0	0	1	0	0	0	0	0	0	0	0	0
OTU_8863_ITS	0	0	0	0	0	1	0	0	0	0	0	0	0	0	0	0
OTU_8864_ITS	0	8	8	14	1	22	22	0	3	50	0	4	7	0	14	62
OTU_8865_ITS	3	0	0	0	1	0	0	0	0	0	1	0	0	4	1	0
OTU_8870_ITS	0	1	0	0	0	1	0	0	0	0	0	0	0	0	0	0
OTU_8874_ITS	0	1	0	0	0	0	0	0	3	0	0	0	0	0	0	0
OTU_8877_ITS	8	4	8	5	5	4	3	6	5	3	3	2	5	1	3	10
OTU_8878_ITS	1	0	0	0	0	2	0	0	2	0	1	0	0	0	2	2
OTU_8879_ITS	0	0	0	0	2	1	5	1	5	1	0	0	2	2	0	0
OTU_8880_ITS	4	4	3	2	5	30	3	5	4	6	2	4	6	4	6	2
OTU_8883_ITS	2	0	0	0	0	0	0	0	0	0	0	0	1	0	0	0
OTU_8886_ITS	0	0	0	0	0	0	0	0	0	0	0	0	0	0	0	1
OTU_8887_ITS	0	0	0	0	0	0	0	0	1	0	0	0	0	0	0	0
OTU_8888_ITS	0	0	1	0	0	0	1	0	0	0	0	0	0	0	0	0
OTU_8890_ITS	0	0	0	0	0	0	0	0	1	0	0	0	0	0	0	0
OTU_8892_ITS	0	0	0	0	0	0	1	0	0	0	0	0	0	0	0	0
OTU_8898_ITS	12	11	6	2	6	6	3	5	3	9	3	15	4	3	13	1
OTU_8899_ITS	0	0	0	0	0	0	2	0	0	0	0	0	0	0	0	0
OTU_8900_ITS	2	1	0	0	1	0	1	1	1	1	0	0	0	0	0	0
OTU_8903_ITS	1	0	0	2	0	0	0	0	1	1	1	0	0	0	1	2
OTU_8907_ITS	1	0	0	0	0	0	0	0	0	0	1	0	0	0	0	0
OTU_8910_ITS	0	1	1	0	1	1	0	1	2	2	5	1	4	3	2	5
OTU_8918_ITS	42	0	26	0	8	3	1	0	13	0	3	1	0	5	0	0
OTU_8921_ITS	1	3	2	0	1	0	5	1	0	0	2	1	0	0	1	1
OTU_8923_ITS	13	4	6	11	2	6	3	1	15	16	8	10	4	7	5	11
OTU_8924_ITS	1	0	1	1	0	2	0	1	1	1	2	0	0	0	0	1
OTU_8928_ITS	0	4	2	3	1	3	4	2	3	4	5	4	5	4	2	1
OTU_8930_ITS	0	0	0	0	0	0	0	0	0	0	0	0	1	0	0	0
OTU_8931_ITS	0	0	0	0	1	0	0	0	0	0	0	2	0	0	0	0
OTU_8936_ITS	0	0	0	0	0	0	0	0	0	0	0	0	0	2	0	0
OTU_8937_ITS	0	0	0	0	0	1	0	0	0	0	0	0	0	0	0	0
OTU_8938_ITS	0	0	1	0	0	0	0	0	0	0	0	0	0	0	0	0
OTU_8942_ITS	1	1	2	1	1	2	0	0	3	1	0	2	2	2	2	0
OTU_8944_ITS	0	0	0	0	1	0	2	1	1	2	0	0	0	1	0	1
OTU_8948_ITS	0	0	0	0	1	0	0	0	0	0	0	0	0	0	0	0
OTU_8953_ITS	0	0	0	4	1	0	0	0	3	0	0	3	0	2	0	2
OTU_8960_ITS	0	0	1	0	0	0	0	0	0	0	0	0	0	0	1	0
OTU_8966_ITS	1	1	0	0	0	0	6	0	0	1	0	2	1	0	1	0
OTU_8976_ITS	0	0	0	0	1	0	0	0	0	0	1	0	0	0	0	0
OTU_8979_ITS	0	0	0	1	0	0	0	0	0	0	0	0	0	0	0	0
OTU_8982_ITS	0	0	0	1	0	0	0	0	0	0	0	0	0	0	0	0
OTU_8984_ITS	0	0	0	0	0	0	0	1	0	0	0	1	1	0	0	0
OTU_8985_ITS	0	1	0	0	0	0	0	0	2	0	0	0	0	0	0	0
OTU_8988_ITS	0	0	0	0	0	1	0	0	0	7	0	0	0	0	0	0
OTU_8990_ITS	2	7	3	3	10	3	2	4	11	8	3	6	6	0	9	2
OTU_8991_ITS	0	0	0	0	0	0	0	0	0	0	3	0	0	1	0	0
OTU_8994_ITS	2	0	0	0	1	0	2	0	0	1	0	1	2	0	0	1
OTU_8995_ITS	0	1	1	0	0	0	0	1	0	0	0	0	0	0	4	1
OTU_9000_ITS	0	1	0	0	0	0	0	2	0	0	0	0	0	0	0	0
OTU_9001_ITS	1	0	0	0	1	0	0	0	1	2	1	7	0	1	1	0
OTU_9003_ITS	0	0	0	0	1	0	0	1	0	0	0	2	0	1	0	0
OTU_9004_ITS	0	0	0	0	0	0	0	0	0	0	1	0	0	0	0	0
OTU_9005_ITS	0	0	0	0	0	0	0	0	0	0	0	0	0	1	0	0
OTU_9008_ITS	0	0	1	0	0	0	0	0	2	0	1	1	0	1	0	0
OTU_9010_ITS	0	0	1	2	0	0	0	0	0	0	0	0	0	0	2	0
OTU_9011_ITS	7	10	3	9	4	5	6	9	6	11	18	5	4	6	2	7
OTU_9018_ITS	0	0	0	0	1	0	0	1	0	1	1	0	0	0	1	0
OTU_9026_ITS	0	4	48	2	28	2	0	1	6	2	0	22	1	8	0	5
OTU_9027_ITS	0	0	0	0	0	0	0	0	0	0	0	1	0	0	0	0
OTU_9029_ITS	39	182	212	103	91	200	11	102	272	152	56	195	73	148	94	260
OTU_9035_ITS	1	0	0	0	0	0	0	1	0	0	0	0	0	0	0	0
OTU_9037_ITS	0	0	0	0	0	0	0	1	0	0	0	0	1	0	1	1
OTU_9038_ITS	1	0	2	0	0	1	3	0	0	0	2	0	4	2	0	0
OTU_9039_ITS	0	0	0	1	0	0	0	0	0	0	0	0	0	0	0	0
OTU_9040_ITS	0	0	0	0	0	0	0	0	0	0	0	0	0	0	0	1
OTU_9050_ITS	0	0	0	0	0	0	0	1	0	0	0	0	0	0	0	0
OTU_9052_ITS	0	1	1	0	1	2	0	0	0	0	1	0	2	1	0	1
OTU_9057_ITS	0	0	0	0	0	0	0	0	0	0	0	0	0	0	0	1
OTU_9059_ITS	1	2	0	2	2	1	2	1	1	2	2	1	0	1	0	1
OTU_9061_ITS	0	1	1	0	1	0	0	4	1	0	0	0	0	0	0	0
OTU_9065_ITS	3	8	2	4	5	2	8	5	3	4	10	11	3	8	4	3
OTU_9069_ITS	0	0	0	0	0	0	1	2	0	0	0	0	0	0	0	1
OTU_9075_ITS	0	0	0	0	0	0	0	0	0	0	0	0	0	1	2	0
OTU_9077_ITS	19	14	23	6	12	12	9	26	14	20	11	10	16	16	12	10
OTU_9094_ITS	1	0	0	0	0	0	0	1	1	0	0	0	0	0	0	1
OTU_9099_ITS	0	0	0	0	3	0	0	1	1	0	0	0	0	2	9	1
OTU_9102_ITS	0	0	0	0	0	0	0	0	1	0	0	0	0	0	0	0
OTU_9108_ITS	2	0	0	1	0	0	0	0	0	0	0	0	0	0	0	0
OTU_9110_ITS	0	0	0	0	0	0	0	0	0	0	0	0	1	0	0	1
OTU_9112_ITS	5	0	2	1	1	3	4	3	2	1	3	4	4	3	6	1
OTU_9114_ITS	0	0	0	0	0	0	0	0	1	0	0	0	0	0	0	0
OTU_9119_ITS	0	0	0	0	0	0	0	0	1	0	0	0	0	0	0	0
OTU_9126_ITS	0	0	1	0	2	3	0	3	1	1	1	1	1	1	4	0
OTU_9127_ITS	1	0	0	0	1	0	0	0	0	0	0	0	0	0	0	0
OTU_9130_ITS	0	0	0	0	0	0	0	1	0	1	0	0	0	0	0	0
OTU_9140_ITS	0	0	0	0	0	0	0	1	0	0	0	0	0	0	0	0
OTU_9141_ITS	0	0	0	4	1	1	5	2	1	7	3	6	6	5	0	2
OTU_9153_ITS	0	0	0	0	0	0	1	2	0	0	0	0	0	0	0	1
OTU_9160_ITS	0	0	0	0	0	0	1	0	0	0	0	0	0	0	0	0
OTU_9163_ITS	2	1	0	1	4	11	1	1	3	2	6	4	5	10	0	8
OTU_9164_ITS	0	0	0	1	0	0	0	0	0	0	0	0	0	0	0	0
OTU_9166_ITS	0	0	0	0	0	0	1	0	1	0	0	0	0	0	0	0
OTU_9167_ITS	0	22	11	0	1	19	1	3	0	0	0	26	8	2	0	4
OTU_9174_ITS	2	1	1	1	3	1	3	3	3	2	5	4	0	0	1	3
OTU_9181_ITS	0	0	0	0	0	0	0	0	1	0	0	0	1	0	0	0
OTU_9182_ITS	0	0	3	1	1	0	2	2	0	0	1	2	1	2	0	0
OTU_9188_ITS	1	0	0	0	0	0	0	0	0	0	0	0	1	0	0	0
OTU_9199_ITS	3	1	2	13	5	2	5	6	6	5	3	5	3	3	1	2
OTU_9205_ITS	4	2	4	2	1	5	8	0	6	1	1	3	5	11	5	1
OTU_9206_ITS	0	0	0	2	6	0	0	0	0	0	1	1	0	0	0	0
OTU_9208_ITS	0	0	0	0	7	0	0	0	1	0	0	0	0	1	0	0
OTU_9210_ITS	0	2	2	0	0	0	0	0	1	0	1	0	0	0	1	0
OTU_9211_ITS	1	0	0	1	2	0	0	1	1	0	0	0	0	0	0	0
OTU_9212_ITS	0	0	0	0	0	0	0	1	0	0	0	0	0	0	0	0
OTU_9214_ITS	0	0	0	0	0	0	0	0	0	0	0	0	1	0	0	0
OTU_9215_ITS	0	0	0	0	0	0	1	0	1	0	0	0	0	0	0	0
OTU_9217_ITS	2	0	0	1	0	0	0	0	0	3	0	0	0	0	0	0
OTU_9218_ITS	0	0	0	0	0	0	0	0	0	1	0	0	0	0	0	0
OTU_9221_ITS	0	0	0	0	1	0	0	0	0	1	0	0	0	0	0	0
OTU_9223_ITS	0	0	0	0	0	0	0	0	0	0	0	0	0	1	0	0
OTU_9225_ITS	0	0	1	0	0	0	0	1	0	0	0	0	0	0	0	0
OTU_9229_ITS	1	0	0	1	0	0	0	0	1	0	0	0	0	1	0	0
OTU_9230_ITS	0	0	0	0	0	0	0	1	0	0	0	0	0	1	0	0
OTU_9231_ITS	0	0	0	0	0	0	0	0	0	0	0	0	1	1	0	0
OTU_9238_ITS	0	0	0	0	0	0	0	0	0	0	0	0	0	0	1	0
OTU_9244_ITS	8	13	10	19	7	7	9	3	13	13	8	10	8	7	9	14
OTU_9256_ITS	0	0	0	2	1	4	2	0	0	1	0	0	0	0	2	0
OTU_9259_ITS	0	0	0	0	1	0	0	1	0	0	0	0	0	0	0	0
OTU_9260_ITS	0	0	0	0	0	0	0	1	0	0	0	0	0	0	0	0
OTU_9263_ITS	0	0	0	0	0	0	0	0	1	0	0	0	1	0	0	0
OTU_9269_ITS	0	0	0	0	0	0	1	0	0	0	0	0	0	0	0	0
OTU_9275_ITS	1	0	1	0	1	0	2	0	0	1	0	0	0	0	1	0
OTU_9276_ITS	0	0	0	0	0	0	1	0	0	0	0	1	0	0	0	0
OTU_9277_ITS	0	3	1	1	1	0	0	1	0	0	0	0	1	0	1	1
OTU_9279_ITS	1	0	0	0	0	0	0	1	1	0	0	0	1	0	0	2
OTU_9285_ITS	0	0	0	0	0	2	2	3	0	0	0	0	0	0	0	0
OTU_9287_ITS	4	11	10	12	16	1	10	22	9	9	5	7	19	8	5	13
OTU_9288_ITS	0	1	1	2	1	2	1	0	1	1	1	0	2	0	2	1
OTU_9306_ITS	0	0	0	0	0	0	0	0	0	0	0	1	0	0	0	0
OTU_9308_ITS	0	0	1	0	0	0	0	1	0	0	0	0	0	0	0	0
OTU_9309_ITS	0	0	0	0	0	1	0	0	0	0	0	0	0	0	0	0
OTU_9310_ITS	0	1	0	0	0	0	0	0	0	0	0	0	0	0	0	0
OTU_9311_ITS	0	0	0	0	0	0	2	0	0	0	0	0	0	0	0	0
OTU_9313_ITS	0	0	0	0	0	0	0	0	0	0	0	0	1	0	0	0
OTU_9315_ITS	0	0	0	0	0	0	1	0	0	0	0	0	0	0	1	0
OTU_9316_ITS	15	26	24	14	26	9	10	13	17	25	13	17	11	138	10	15
OTU_9322_ITS	1	0	0	2	0	0	0	1	0	1	1	0	1	0	0	1
OTU_9328_ITS	0	0	1	0	0	0	0	0	0	0	0	0	1	0	0	0
OTU_9340_ITS	0	1	0	0	0	2	0	1	2	0	0	0	0	0	0	0
OTU_9348_ITS	0	0	0	0	0	0	0	0	1	0	0	0	0	0	0	0
OTU_9360_ITS	0	1	0	0	0	0	0	0	1	0	0	0	0	0	0	0
OTU_9367_ITS	0	0	0	0	0	0	0	0	0	0	1	0	0	0	0	0
OTU_9368_ITS	7	3	3	4	5	8	4	2	8	4	3	4	5	2	4	3
OTU_9372_ITS	0	0	1	0	0	0	0	2	0	0	0	1	0	0	0	0
OTU_9373_ITS	0	0	0	0	0	0	0	0	1	0	0	0	0	0	0	0
OTU_938_ITS	0	0	0	0	0	0	0	0	0	0	1	0	0	0	0	0
OTU_9388_ITS	0	0	0	0	0	0	2	0	0	0	0	0	0	0	0	0
OTU_9400_ITS	0	0	0	0	0	0	0	1	2	0	0	0	0	2	0	0
OTU_9403_ITS	3	0	0	1	0	1	0	1	0	0	2	0	0	1	0	0
OTU_9404_ITS	0	1	0	0	0	1	0	0	0	0	0	0	0	0	1	0
OTU_9427_ITS	1	0	0	1	1	0	1	0	0	0	0	0	0	1	2	0
OTU_9431_ITS	0	0	0	0	1	2	1	1	1	0	0	1	0	0	0	0
OTU_9439_ITS	0	0	0	0	0	0	0	0	1	0	0	0	0	0	0	0
OTU_9440_ITS	0	0	0	0	0	0	0	0	0	0	0	2	0	0	0	0
OTU_9441_ITS	1	0	0	0	0	0	0	0	0	1	0	0	0	0	0	0
OTU_9445_ITS	2	2	0	0	0	1	3	0	0	0	2	1	1	1	1	0
OTU_9446_ITS	0	0	0	0	0	0	1	0	0	1	1	0	0	1	0	1
OTU_9451_ITS	0	23	1	24	0	1	0	0	12	1	0	2	0	0	1	0
OTU_9462_ITS	5	6	2	5	29	3	20	6	11	8	5	11	10	3	51	5
OTU_9467_ITS	0	2	0	0	1	3	0	0	4	1	1	1	0	1	0	0
OTU_9468_ITS	0	0	0	0	0	0	0	0	0	0	0	0	0	1	0	0
OTU_9482_ITS	0	0	0	0	0	1	0	0	0	0	0	0	0	0	0	0
OTU_9483_ITS	1	0	0	0	2	1	0	1	0	2	1	0	1	0	0	1
OTU_9490_ITS	0	0	0	0	0	0	0	0	0	0	0	0	1	0	0	0
OTU_9498_ITS	0	0	1	0	0	0	0	1	0	0	0	0	0	0	0	0
OTU_9500_ITS	4	3	9	9	5	0	17	1	0	15	9	0	2	1	4	3
OTU_9503_ITS	0	0	0	0	0	0	0	0	0	0	0	0	0	0	0	1
OTU_9504_ITS	2	0	1	0	0	2	3	4	0	2	0	2	0	2	2	1
OTU_9511_ITS	0	0	0	0	0	0	0	0	0	0	0	0	0	2	0	0
OTU_9512_ITS	0	0	0	0	0	0	0	0	0	0	0	0	0	0	0	1
OTU_9523_ITS	0	0	0	0	0	1	0	0	0	1	0	0	0	0	0	0
OTU_9524_ITS	0	0	0	0	0	0	0	1	0	1	0	0	0	0	0	0
OTU_9527_ITS	2	0	0	0	0	0	0	1	0	0	0	0	0	0	0	0
OTU_9532_ITS	0	0	0	0	0	1	0	0	0	0	0	0	0	0	0	0
OTU_9533_ITS	0	0	0	0	0	0	0	0	0	0	0	0	1	0	0	0
OTU_9544_ITS	28	21	40	35	45	30	36	20	33	42	48	105	48	46	38	34
OTU_9559_ITS	0	0	0	0	0	0	1	0	0	0	0	0	0	0	0	0
OTU_9566_ITS	0	0	0	0	0	0	0	0	0	0	0	0	0	0	0	1
OTU_9573_ITS	0	5	0	0	0	0	0	1	0	0	0	0	0	0	0	0
OTU_9579_ITS	0	0	0	0	1	0	0	0	0	0	0	0	0	0	0	0
OTU_9581_ITS	0	1	0	0	0	0	0	0	0	0	0	0	0	0	0	0
OTU_9583_ITS	0	0	0	0	0	0	0	0	0	0	0	0	0	1	0	0
OTU_9602_ITS	0	0	0	0	0	0	0	0	1	0	0	1	0	0	0	1
OTU_9604_ITS	0	0	0	0	0	0	0	1	1	0	2	0	1	0	0	0
OTU_9610_ITS	5	21	3	2	2	5	6	0	7	3	10	6	2	2	6	15
OTU_9613_ITS	0	1	0	0	0	0	0	0	1	0	0	0	0	0	0	0
OTU_9615_ITS	0	0	0	0	0	0	0	1	0	0	1	0	0	0	0	0
OTU_9647_ITS	0	3	0	0	0	0	0	0	0	0	0	0	0	0	0	1
OTU_9649_ITS	0	1	0	0	0	0	0	1	1	0	1	0	0	0	0	2
OTU_9650_ITS	3	0	14	2	2	1	0	0	0	0	1	0	0	4	1	0
OTU_9651_ITS	0	0	0	0	0	0	1	0	0	0	0	0	0	0	0	0
OTU_9654_ITS	0	0	0	0	0	0	0	0	0	0	0	2	0	0	0	1
OTU_9656_ITS	0	5	29	8	7	7	0	4	7	5	7	39	5	6	6	4
OTU_9659_ITS	3	4	2	4	8	7	0	3	3	4	10	6	1	12	6	13
OTU_9662_ITS	0	0	2	0	0	0	0	0	0	0	0	0	2	0	0	0
OTU_9663_ITS	0	0	3	0	0	5	1	17	6	0	2	4	1	3	3	3
OTU_9665_ITS	0	0	0	0	0	0	0	0	0	1	0	0	0	0	0	0
OTU_9667_ITS	0	0	1	0	0	0	0	0	0	0	0	0	0	0	0	0
OTU_9669_ITS	1	1	0	0	0	0	3	1	0	0	1	0	2	1	0	0
OTU_9673_ITS	0	0	0	1	0	0	0	0	0	0	0	0	0	0	0	1
OTU_9676_ITS	1	2	3	0	1	1	0	0	3	0	2	0	0	3	0	0
OTU_9679_ITS	28	17	23	29	23	52	105	40	32	39	34	41	64	123	22	17
OTU_9681_ITS	0	0	0	0	0	0	0	0	0	0	0	1	0	0	0	0
OTU_9688_ITS	0	0	0	0	0	0	0	0	0	0	0	0	0	1	0	0
OTU_9689_ITS	0	0	0	0	0	1	0	1	0	0	0	0	0	1	0	0
OTU_9693_ITS	0	0	0	0	0	0	0	0	0	0	0	1	0	0	0	0
OTU_9697_ITS	0	0	0	0	0	0	0	0	0	0	0	1	0	0	0	0
OTU_9703_ITS	0	0	0	0	0	0	0	0	0	0	0	0	0	0	0	2
OTU_9710_ITS	0	0	0	0	0	0	0	0	0	0	0	0	0	1	0	2
OTU_9714_ITS	0	1	0	0	0	2	0	0	3	0	2	0	0	4	1	0
OTU_9724_ITS	2	12	3	4	8	4	6	0	2	0	0	4	4	2	3	4
OTU_9728_ITS	0	1	2	1	2	0	0	0	0	0	0	0	1	0	0	0
OTU_9735_ITS	1	0	1	2	3	0	2	0	1	2	0	2	4	0	1	0
OTU_9744_ITS	0	0	0	0	0	0	0	0	0	0	0	0	0	1	0	0
OTU_9748_ITS	0	0	0	0	0	0	1	0	0	0	0	0	0	0	1	0
OTU_9755_ITS	0	0	0	0	0	0	1	0	0	0	0	0	0	0	0	0
OTU_9764_ITS	38	25	51	25	24	40	32	46	26	36	23	46	40	16	26	27
OTU_9770_ITS	0	1	0	0	0	0	1	0	0	0	2	1	0	2	1	0
OTU_9787_ITS	4	3	0	0	0	0	0	0	2	9	0	0	0	0	0	3
OTU_9792_ITS	0	91	0	1	0	2	1	1	0	0	0	0	0	0	1	1
OTU_9795_ITS	0	0	0	0	0	0	0	0	0	0	0	1	0	0	0	0
OTU_9796_ITS	0	0	0	0	0	0	0	0	0	0	0	0	1	0	0	1
OTU_9802_ITS	0	0	0	1	1	0	0	1	0	0	0	0	0	1	0	0
OTU_9803_ITS	0	0	0	0	0	0	0	1	0	0	0	0	1	1	1	0
OTU_9806_ITS	0	0	0	1	0	0	0	0	0	0	0	0	0	0	0	0
OTU_9807_ITS	0	1	0	0	0	0	0	0	0	0	0	0	1	0	0	0
OTU_9810_ITS	13	12	12	10	15	8	16	4	4	11	10	8	9	6	17	9
OTU_9815_ITS	0	0	1	1	1	0	0	0	1	0	0	1	1	0	2	0
OTU_9816_ITS	0	0	0	0	0	0	1	0	0	0	0	0	0	0	0	0
OTU_9819_ITS	0	0	0	1	0	2	2	1	0	1	0	0	0	0	0	2
OTU_9820_ITS	1	0	0	0	0	1	1	0	0	1	0	0	3	0	0	0
OTU_9825_ITS	0	0	0	0	0	0	0	0	0	0	0	1	0	0	0	0
OTU_9828_ITS	0	0	0	0	0	0	0	0	0	1	0	0	0	0	0	0
OTU_9829_ITS	0	0	0	0	0	0	0	1	0	1	1	0	0	0	0	0
OTU_9832_ITS	1	0	0	0	0	0	1	0	0	0	0	1	0	0	0	1
OTU_9834_ITS	3	4	7	7	5	3	3	4	6	4	2	5	2	6	3	6
OTU_9842_ITS	0	0	0	0	0	0	0	0	0	0	0	0	0	0	0	1
OTU_9860_ITS	0	0	0	0	0	0	0	0	0	1	0	0	0	0	0	0
OTU_9861_ITS	0	0	0	0	0	0	0	0	0	1	0	0	0	0	0	0
OTU_9865_ITS	2	4	4	3	2	0	4	2	2	3	5	14	5	2	4	2
OTU_9870_ITS	0	0	0	0	0	0	0	1	0	0	0	0	0	0	0	0
OTU_9876_ITS	0	0	0	0	0	0	0	1	0	0	0	0	0	0	0	0
OTU_9879_ITS	3	0	0	0	0	0	0	0	0	2	0	2	0	0	0	1
OTU_9897_ITS	0	0	0	0	0	2	0	0	0	1	0	0	0	0	0	0
OTU_9902_ITS	0	0	1	0	0	2	0	0	1	0	2	3	2	0	1	0
OTU_9911_ITS	3	2	1	3	0	1	2	2	2	1	5	11	2	2	1	1
OTU_9914_ITS	0	0	0	0	0	0	0	0	0	1	0	0	0	0	0	0
OTU_9935_ITS	0	0	0	1	1	0	2	1	0	1	0	0	0	1	0	0
OTU_9938_ITS	0	0	0	0	1	0	0	0	0	0	0	0	0	0	0	0
OTU_9944_ITS	0	0	0	0	3	0	0	0	0	0	0	0	0	1	0	0
OTU_9950_ITS	0	0	0	0	0	0	0	0	0	0	1	0	0	0	0	0
OTU_9956_ITS	0	0	0	0	0	0	0	0	0	0	3	0	0	0	0	0
OTU_9957_ITS	0	3	1	1	0	1	3	3	2	6	4	0	1	7	0	1
OTU_9958_ITS	3	2	3	1	2	1	0	1	0	1	2	3	0	2	3	1
OTU_9961_ITS	0	0	0	0	0	0	1	0	0	0	0	0	0	0	1	0
OTU_9964_ITS	0	0	0	0	0	0	0	0	0	1	0	0	0	0	0	0
OTU_9970_ITS	0	0	0	1	0	0	0	0	0	0	0	0	0	0	0	0
OTU_9971_ITS	0	1	0	0	0	0	0	0	0	0	0	0	0	0	0	0
OTU_9980_ITS	0	0	0	0	1	0	0	0	0	0	0	0	0	0	1	0
OTU_9988_ITS	0	0	0	0	0	0	0	0	0	0	2	0	0	0	0	0
OTU_9995_ITS	0	0	1	0	2	0	0	0	0	0	0	0	0	0	0	0
OTU_9998_ITS	0	3	47	0	1	1	3	1	3	4	0	0	13	3	0	1
